40
0.0 31.9061 18.0278 8.544 17.8885 18.1108 15.1327 16.0312 21.587 19.0263 28.8444 34.0147 23.0868 23.3238 4.2426 17.088 15.8114 4.0 33.8378 23.4094 23.5372 32.249 7.6158 39.3573 33.2415 12.7279 3.6056 33.5261 31.8277 35.9026 5.0 35.1141 15.1327 12.0416 21.3776 5.0 25.02 27.4591 25.2982 26.0 
31.9061 0.0 18.3576 25.632 19.0263 25.02 22.4722 19.4165 22.3607 19.6977 13.0384 19.105 11.1803 15.2971 36.0555 15.5563 16.9706 29.9666 7.8102 19.6469 32.5576 27.4591 31.6228 8.0623 14.3178 19.6977 35.2278 8.6023 7.8102 12.0416 34.0147 7.8102 19.2094 23.4307 21.8403 32.6956 27.2029 33.5261 9.4868 7.6158 
18.0278 18.3576 0.0 16.5529 18.0278 23.3452 4.2426 2.0 23.8537 2.2361 23.0868 30.2655 7.2111 19.9249 21.3776 5.3852 5.0 18.2483 17.2047 23.2594 31.8277 34.0147 21.8403 24.0416 15.2971 12.0416 20.3961 16.6433 22.3607 18.3848 22.0907 18.6011 3.1623 6.3246 5.831 21.2132 29.4109 34.7131 9.2195 10.8167 
8.544 25.632 16.5529 0.0 9.434 10.0499 15.6205 14.7648 13.1529 18.3576 20.6155 25.4951 19.0263 15.0 12.53 13.1529 12.3693 5.0 29.1548 14.8661 17.0 24.0208 6.0828 33.5261 30.2655 6.0828 12.083 29.0689 24.2074 32.0 8.6023 30.2655 13.4164 12.7279 21.6333 7.2111 17.1172 20.6155 21.0 21.095 
17.8885 19.0263 18.0278 9.434 0.0 6.3246 19.3132 17.0 5.831 20.2485 11.3137 16.1555 16.6433 5.6569 21.9545 12.8062 13.0384 14.4222 24.5153 6.0 14.7648 16.4924 14.2127 27.074 27.7308 7.0711 21.4709 24.7386 15.6525 28.1603 17.6918 25.318 15.6525 17.4642 23.8537 16.2788 11.4018 17.0294 17.8885 17.088 
18.1108 25.02 23.3452 10.0499 6.3246 0.0 23.8537 22.0227 4.2426 25.4951 15.2315 17.6918 22.8254 10.198 21.587 18.4391 18.3848 14.1421 30.8058 7.2111 8.6023 14.1421 12.083 33.0 34.0147 11.4018 21.3776 31.0483 20.6155 34.4819 16.1555 31.5753 20.6155 21.4709 29.0689 14.8661 7.0711 11.4018 24.1661 23.4094 
15.1327 22.4722 4.2426 15.6205 19.3132 23.8537 0.0 3.1623 25.0799 4.1231 26.0192 33.0151 11.4018 22.2036 18.0278 8.0623 7.0 16.1555 21.4009 25.0 32.0156 35.7351 20.1246 28.2843 18.9737 12.53 17.0294 20.8087 25.9615 22.3607 19.6469 22.8035 4.0 3.1623 6.3246 18.9737 30.4138 35.2278 13.4536 15.0 
16.0312 19.4165 2.0 14.7648 17.0 22.0227 3.1623 0.0 22.8254 3.6056 23.0 30.0666 8.4853 19.4165 19.4165 5.0 4.1231 16.2788 18.868 22.4722 30.4138 33.2415 19.9249 25.4951 17.2627 10.6301 18.4391 18.3576 22.8035 20.2485 20.0998 20.2485 1.4142 4.4721 7.0711 19.2354 28.3019 33.4215 10.6301 12.0416 
21.587 22.3607 23.8537 13.1529 5.831 4.2426 25.0799 22.8254 0.0 26.0768 11.4018 13.4536 22.0227 7.0711 25.2982 18.6011 18.868 17.72 28.7924 3.1623 10.198 11.0454 16.1245 30.1496 32.7567 12.6491 25.0 29.1548 17.1172 32.6956 20.1246 29.4109 21.4709 23.0868 29.6816 18.7883 5.6569 11.6619 23.0217 21.9545 
19.0263 19.6977 2.2361 18.3576 20.2485 25.4951 4.1231 3.6056 26.0768 0.0 25.1794 32.3883 8.544 22.1359 22.0907 7.6158 7.2111 19.6469 17.6918 25.4951 33.9411 36.2491 23.4094 24.8395 14.8661 14.1421 21.095 17.0294 24.1868 18.3576 23.3452 19.105 5.0 7.0 3.6056 22.561 31.6228 36.8782 10.2956 12.083 
28.8444 13.0384 23.0868 20.6155 11.3137 15.2315 26.0192 23.0 11.4018 25.1794 0.0 7.2801 18.0278 5.6569 33.0151 18.0 19.0263 25.6125 20.6155 8.2462 21.0238 14.4222 25.4951 19.9249 26.2488 16.5529 32.45 21.2603 6.0828 24.8395 29.0 20.8087 22.0227 25.318 28.4429 27.5862 15.0333 21.2132 17.8885 16.1245 
34.0147 19.105 30.2655 25.4951 16.1555 17.6918 33.0151 30.0666 13.4536 32.3883 7.2801 0.0 25.2982 11.1803 38.0132 25.0799 26.0192 30.4138 26.9072 10.8167 20.6155 10.0499 29.4109 24.6982 33.0151 22.561 37.5766 27.6586 11.3137 31.1448 33.2866 26.8701 29.0172 32.0624 35.6931 31.9061 14.3178 19.4165 25.0799 23.2594 
23.0868 11.1803 7.2111 19.0263 16.6433 22.8254 11.4018 8.4853 22.0227 8.544 18.0278 25.2982 0.0 16.4012 26.9258 6.0828 7.2801 22.2036 10.7703 20.5183 31.3847 30.8058 25.0 17.0294 11.4018 13.1529 26.0 10.4403 16.0 13.0384 26.3059 12.083 8.6023 12.8062 11.0454 25.1794 27.6586 33.6006 2.2361 3.6056 
23.3238 15.2971 19.9249 15.0 5.6569 10.198 22.2036 19.4165 7.0711 22.1359 5.6569 11.1803 16.4012 0.0 27.4591 14.5602 15.2971 20.0 21.9317 4.4721 17.2627 14.4222 19.8494 23.0868 26.4008 11.4018 26.9258 22.3607 10.4403 25.9422 23.3452 22.4722 18.2483 21.0 25.632 21.9317 12.083 18.3848 16.9706 15.6205 
4.2426 36.0555 21.3776 12.53 21.9545 21.587 18.0278 19.4165 25.2982 22.0907 33.0151 38.0132 26.9258 27.4591 0.0 21.0238 19.6977 7.6158 37.6962 27.313 26.0768 35.6931 10.0 43.4166 36.6742 16.9706 1.0 37.3363 36.0694 39.5601 6.0828 39.0 18.6815 15.1327 24.0208 7.0 28.2843 30.0666 29.1548 29.9666 
17.088 15.5563 5.3852 13.1529 12.8062 18.4391 8.0623 5.0 18.6011 7.6158 18.0 25.0799 6.0828 14.5602 21.0238 0.0 1.4142 16.1245 16.7631 17.8885 27.0185 28.6356 19.0263 22.4722 17.1172 7.6158 20.1246 16.4924 18.0278 19.105 20.2237 18.0278 4.1231 8.0623 11.1803 19.105 24.2074 29.6985 8.2462 8.9443 
15.8114 16.9706 5.0 12.3693 13.0384 18.3848 7.0 4.1231 18.868 7.2111 19.0263 26.0192 7.2801 15.2971 19.6977 1.4142 0.0 15.0333 18.0278 18.3848 26.9072 29.1548 18.1108 23.8537 18.0278 7.2111 18.7883 17.72 19.3132 20.2237 19.105 19.3132 3.0 6.7082 10.8167 18.0278 24.4131 29.7321 9.4868 10.2956 
4.0 29.9666 18.2483 5.0 14.4222 14.1421 16.1555 16.2788 17.72 19.6469 25.6125 30.4138 22.2036 20.0 7.6158 16.1245 15.0333 0.0 32.7567 19.6977 19.6469 28.2843 4.2426 37.6962 33.0 10.2956 7.2801 32.5576 29.0689 35.2278 4.1231 33.9559 15.1327 13.0 22.4722 3.0 21.0238 23.5372 24.3311 24.7386 
33.8378 7.8102 17.2047 29.1548 24.5153 30.8058 21.4009 18.868 28.7924 17.6918 20.6155 26.9072 10.7703 21.9317 37.6962 16.7631 18.0278 32.7567 0.0 26.4008 38.8973 35.0 35.2278 7.6158 7.0711 23.0868 36.7696 1.0 15.6205 4.2426 36.8782 1.4142 19.2354 23.3238 18.6011 35.6931 34.0147 40.3113 8.544 8.0623 
23.4094 19.6469 23.2594 14.8661 6.0 7.2111 25.0 22.4722 3.1623 25.4951 8.2462 10.8167 20.5183 4.4721 27.313 17.8885 18.3848 19.6977 26.4008 0.0 13.0384 10.7703 18.6011 27.2947 30.8058 13.0384 26.9258 26.8328 14.0357 30.4138 22.4722 26.9258 21.1896 23.3452 29.0689 21.095 7.6158 13.9284 21.2603 20.0 
23.5372 32.5576 31.8277 17.0 14.7648 8.6023 32.0156 30.4138 10.198 33.9411 21.0238 20.6155 31.3847 17.2627 26.0768 27.0185 26.9072 19.6469 38.8973 13.0384 0.0 12.7279 16.1245 40.3113 42.4853 19.799 26.1725 39.2173 27.0 42.72 20.025 39.5601 29.0 29.4109 37.4833 19.105 6.3246 4.0 32.6497 31.7805 
32.249 27.4591 34.0147 24.0208 16.4924 14.1421 35.7351 33.2415 11.0454 36.2491 14.4222 10.0499 30.8058 14.4222 35.6931 28.6356 29.1548 28.2843 35.0 10.7703 12.7279 0.0 25.9615 34.0147 40.3113 23.5372 35.5106 35.609 20.1246 39.2046 30.0832 35.2278 31.9531 33.9559 39.8121 28.8617 7.6158 10.2956 31.241 29.7321 
7.6158 31.6228 21.8403 6.0828 14.2127 12.083 20.1246 19.9249 16.1245 23.4094 25.4951 29.4109 25.0 19.8494 10.0 19.0263 18.1108 4.2426 35.2278 18.6011 16.1245 25.9615 0.0 39.5601 36.1248 12.1655 10.0499 35.1283 29.6816 38.0132 4.1231 36.3456 18.6815 17.0 26.4008 3.0 18.4391 20.0998 27.0185 27.1662 
39.3573 8.0623 24.0416 33.5261 27.074 33.0 28.2843 25.4951 30.1496 24.8395 19.9249 24.6982 17.0294 23.0868 43.4166 22.4722 23.8537 37.6962 7.6158 27.2947 40.3113 34.0147 39.5601 0.0 14.1421 27.5136 42.5441 8.544 13.9284 10.0 41.7852 6.3246 25.6125 29.8329 26.0768 40.4969 34.7131 41.0 14.8661 13.6015 
33.2415 14.3178 15.2971 30.2655 27.7308 34.0147 18.9737 17.2627 32.7567 14.8661 26.2488 33.0151 11.4018 26.4008 36.6742 17.1172 18.0278 33.0 7.0711 30.8058 42.4853 40.3113 36.1248 14.1421 0.0 24.5153 35.6931 6.0828 21.9545 4.4721 37.0135 8.0 18.1108 21.587 14.4222 36.0 38.2753 44.4185 9.8489 10.8167 
12.7279 19.6977 12.0416 6.0828 7.0711 11.4018 12.53 10.6301 12.6491 14.1421 16.5529 22.561 13.1529 11.4018 16.9706 7.6158 7.2111 10.2956 23.0868 13.0384 19.799 23.5372 12.1655 27.5136 24.5153 0.0 16.2788 23.0217 19.105 26.0192 14.3178 24.1868 9.2195 10.4403 17.6918 13.0 17.8885 22.8035 15.0333 15.0333 
3.6056 35.2278 20.3961 12.083 21.4709 21.3776 17.0294 18.4391 25.0 21.095 32.45 37.5766 26.0 26.9258 1.0 20.1246 18.7883 7.2801 36.7696 26.9258 26.1725 35.5106 10.0499 42.5441 35.6931 16.2788 0.0 36.4005 35.3836 38.6005 6.3246 38.0789 17.72 14.1421 23.0217 7.0711 28.1603 30.1496 28.2312 29.0689 
33.5261 8.6023 16.6433 29.0689 24.7386 31.0483 20.8087 18.3576 29.1548 17.0294 21.2603 27.6586 10.4403 22.3607 37.3363 16.4924 17.72 32.5576 1.0 26.8328 39.2173 35.609 35.1283 8.544 6.0828 23.0217 36.4005 0.0 16.4012 3.6056 36.6742 2.2361 18.7883 22.8254 17.8045 35.5106 34.4384 40.7185 8.2462 8.0 
31.8277 7.8102 22.3607 24.2074 15.6525 20.6155 25.9615 22.8035 17.1172 24.1868 6.0828 11.3137 16.0 10.4403 36.0694 18.0278 19.3132 29.0689 15.6205 14.0357 27.0 20.1246 29.6816 13.9284 21.9545 19.105 35.3836 16.4012 0.0 19.8494 32.8024 15.5563 22.1359 26.0 27.0185 31.4006 21.095 27.2947 15.1327 13.1529 
35.9026 12.0416 18.3848 32.0 28.1603 34.4819 22.3607 20.2485 32.6956 18.3576 24.8395 31.1448 13.0384 25.9422 39.5601 19.105 20.2237 35.2278 4.2426 30.4138 42.72 39.2046 38.0132 10.0 4.4721 26.0192 38.6005 3.6056 19.8494 0.0 39.3192 4.4721 20.8806 24.6982 18.4391 38.2099 38.0132 44.2832 11.0 11.1803 
5.0 34.0147 22.0907 8.6023 17.6918 16.1555 19.6469 20.0998 20.1246 23.3452 29.0 33.2866 26.3059 23.3452 6.0828 20.2237 19.105 4.1231 36.8782 22.4722 20.025 30.0832 4.1231 41.7852 37.0135 14.3178 6.3246 36.6742 32.8024 39.3192 0.0 38.0789 19.0263 16.4924 25.9615 1.4142 22.561 24.0208 28.4429 28.8617 
35.1141 7.8102 18.6011 30.2655 25.318 31.5753 22.8035 20.2485 29.4109 19.105 20.8087 26.8701 12.083 22.4722 39.0 18.0278 19.3132 33.9559 1.4142 26.9258 39.5601 35.2278 36.3456 6.3246 8.0 24.1868 38.0789 2.2361 15.5563 4.4721 38.0789 0.0 20.5913 24.6982 20.0 36.8782 34.5398 40.8534 9.8489 9.2195 
15.1327 19.2094 3.1623 13.4164 15.6525 20.6155 4.0 1.4142 21.4709 5.0 22.0227 29.0172 8.6023 18.2483 18.6815 4.1231 3.0 15.1327 19.2354 21.1896 29.0 31.9531 18.6815 25.6125 18.1108 9.2195 17.72 18.7883 22.1359 20.8806 19.0263 20.5913 0.0 4.2426 8.4853 18.1108 26.9258 32.0156 10.8167 12.0416 
12.0416 23.4307 6.3246 12.7279 17.4642 21.4709 3.1623 4.4721 23.0868 7.0 25.318 32.0624 12.8062 21.0 15.1327 8.0623 6.7082 13.0 23.3238 23.3452 29.4109 33.9559 17.0 29.8329 21.587 10.4403 14.1421 22.8254 26.0 24.6982 16.4924 24.6982 4.2426 0.0 9.4868 15.8114 28.2312 32.7567 15.0 16.2788 
21.3776 21.8403 5.831 21.6333 23.8537 29.0689 6.3246 7.0711 29.6816 3.6056 28.4429 35.6931 11.0454 25.632 24.0208 11.1803 10.8167 22.4722 18.6011 29.0689 37.4833 39.8121 26.4008 26.0768 14.4222 17.6918 23.0217 17.8045 27.0185 18.4391 25.9615 20.0 8.4853 9.4868 0.0 25.2982 35.2278 40.4599 12.3693 14.3178 
5.0 32.6956 21.2132 7.2111 16.2788 14.8661 18.9737 19.2354 18.7883 22.561 27.5862 31.9061 25.1794 21.9317 7.0 19.105 18.0278 3.0 35.6931 21.095 19.105 28.8617 3.0 40.4969 36.0 13.0 7.0711 35.5106 31.4006 38.2099 1.4142 36.8782 18.1108 15.8114 25.2982 0.0 21.3776 23.0868 27.2947 27.6586 
25.02 27.2029 29.4109 17.1172 11.4018 7.0711 30.4138 28.3019 5.6569 31.6228 15.0333 14.3178 27.6586 12.083 28.2843 24.2074 24.4131 21.0238 34.0147 7.6158 6.3246 7.6158 18.4391 34.7131 38.2753 17.8885 28.1603 34.4384 21.095 38.0132 22.561 34.5398 26.9258 28.2312 35.2278 21.3776 0.0 6.3246 28.6007 27.4591 
27.4591 33.5261 34.7131 20.6155 17.0294 11.4018 35.2278 33.4215 11.6619 36.8782 21.2132 19.4165 33.6006 18.3848 30.0666 29.6985 29.7321 23.5372 40.3113 13.9284 4.0 10.2956 20.0998 41.0 44.4185 22.8035 30.1496 40.7185 27.2947 44.2832 24.0208 40.8534 32.0156 32.7567 40.4599 23.0868 6.3246 0.0 34.6699 33.6155 
25.2982 9.4868 9.2195 21.0 17.8885 24.1661 13.4536 10.6301 23.0217 10.2956 17.8885 25.0799 2.2361 16.9706 29.1548 8.2462 9.4868 24.3311 8.544 21.2603 32.6497 31.241 27.0185 14.8661 9.8489 15.0333 28.2312 8.2462 15.1327 11.0 28.4429 9.8489 10.8167 15.0 12.3693 27.2947 28.6007 34.6699 0.0 2.0 
26.0 7.6158 10.8167 21.095 17.088 23.4094 15.0 12.0416 21.9545 12.083 16.1245 23.2594 3.6056 15.6205 29.9666 8.9443 10.2956 24.7386 8.0623 20.0 31.7805 29.7321 27.1662 13.6015 10.8167 15.0333 29.0689 8.0 13.1529 11.1803 28.8617 9.2195 12.0416 16.2788 14.3178 27.6586 27.4591 33.6155 2.0 0.0 
