40
0.0 11.6619 12.8062 36.7696 11.4018 38.2753 19.7231 23.1948 23.0217 34.0 12.0416 11.1803 25.1794 29.4279 36.2353 21.095 36.8782 32.1403 5.099 15.6525 22.8473 27.2029 14.1421 33.7343 13.8924 9.2195 26.9072 18.1108 38.0132 29.0689 36.1386 39.8497 39.5601 25.02 15.2971 2.0 27.4591 4.4721 34.9285 7.6158 
11.6619 0.0 20.0998 28.2843 1.4142 37.8021 8.0623 21.4009 19.2354 35.3836 3.6056 6.4031 23.0217 27.4591 37.4833 13.6015 30.0666 29.0689 8.6023 24.0208 11.4018 26.9072 8.9443 27.1662 6.7082 4.1231 16.1245 11.3137 33.8378 33.121 34.6699 32.0624 32.0156 21.9545 15.8114 13.4164 21.587 7.2111 26.3059 4.2426 
12.8062 20.0998 0.0 35.3836 19.0263 28.1603 27.074 16.5529 18.6011 22.8035 18.0278 15.1327 18.3848 21.587 25.0 32.573 33.2866 25.0 17.4929 4.1231 31.0161 18.1108 26.0 30.2324 17.4642 19.9249 30.4631 29.7321 31.3209 16.6433 27.0185 37.2022 36.6197 19.2354 9.8995 11.3137 24.2074 15.2315 33.9411 17.72 
36.7696 28.2843 35.3836 0.0 27.4591 27.074 24.1868 20.2485 17.0294 30.2655 25.7099 25.632 19.2354 19.6469 31.0644 36.6742 6.3246 17.1172 36.1386 38.8973 25.9615 23.4094 36.0 7.0711 23.0868 32.3883 14.5602 36.2215 15.5242 35.1141 23.0217 4.4721 5.0 17.4929 25.4951 37.5766 11.4018 33.5261 2.0 31.7805 
11.4018 1.4142 19.0263 27.4591 0.0 36.4005 8.544 20.0 17.8885 33.9706 2.2361 5.0 21.6333 26.0768 36.0694 15.0 29.0172 27.7308 8.9443 23.0 12.1655 25.4951 10.2956 26.0768 5.3852 5.0 15.8114 12.7279 32.573 31.7648 33.2866 31.1448 31.0644 20.5913 14.4222 13.0384 20.3961 7.0711 25.4951 4.4721 
38.2753 37.8021 28.1603 27.074 36.4005 0.0 39.6989 16.4012 19.105 6.7082 34.2053 31.6228 14.8661 10.6301 5.6569 50.9902 21.0 10.7703 41.1461 29.0172 43.4166 11.1803 46.6154 20.2237 31.241 40.4969 34.8855 49.0408 12.1655 15.2315 4.1231 25.0799 24.0832 16.2788 23.2594 37.6431 20.1246 38.0132 27.2947 38.5876 
19.7231 8.0623 27.074 24.1868 8.544 39.6989 0.0 23.8537 20.6155 38.5876 9.0554 12.0 25.0 29.0689 40.4969 12.6491 27.5136 29.7321 16.2788 31.1448 4.1231 29.6816 12.3693 25.0799 10.198 11.3137 10.0499 12.0416 33.2866 37.9473 36.0694 28.4429 28.6356 23.4307 20.6155 21.4709 20.8087 15.2643 22.2036 12.2066 
23.1948 21.4009 16.5529 20.2485 20.0 16.4012 23.8537 0.0 4.0 14.7648 17.8045 15.2643 2.0 6.3246 16.6433 34.6554 17.0294 9.0 25.2982 19.4165 27.7849 5.831 30.2324 14.1421 14.8661 24.1868 21.2132 32.6497 15.1327 16.0312 13.4164 21.2132 20.5183 2.8284 8.0 23.0217 8.9443 22.1359 19.2354 22.3607 
23.0217 19.2354 18.6011 17.0294 17.8885 19.105 20.6155 4.0 0.0 18.3848 15.6525 13.6015 4.4721 8.4853 20.1246 32.0156 14.7648 9.8489 24.3311 21.9317 24.4131 9.4868 28.178 11.6619 12.53 22.4722 17.2627 30.2324 15.1327 20.025 15.6205 18.6011 18.0278 2.8284 8.9443 23.1948 5.6569 21.2132 15.8114 20.8806 
34.0 35.3836 22.8035 30.2655 33.9706 6.7082 38.5876 14.7648 18.3848 0.0 31.8904 29.0 13.9284 11.0454 2.2361 48.9183 24.7386 13.1529 37.4433 23.0868 42.5441 8.9443 43.8634 23.1948 29.2062 37.5366 35.4401 46.6905 17.0 8.544 8.6023 29.1204 28.1603 15.8114 19.8494 33.1059 21.2132 34.4093 30.0666 35.4683 
12.0416 3.6056 18.0278 25.7099 2.2361 34.2053 9.0554 17.8045 15.6525 31.8904 0.0 3.1623 19.4165 23.8537 33.9706 17.0294 27.0 25.4951 10.4403 22.0907 13.0 23.3452 12.53 24.0208 3.1623 7.0711 14.8661 14.8661 30.3645 29.9666 31.0644 29.2746 29.1548 18.3576 12.53 13.4536 18.2483 8.0623 23.7697 6.0828 
11.1803 6.4031 15.1327 25.632 5.0 31.6228 12.0 15.2643 13.6015 29.0 3.1623 0.0 17.0 21.4709 31.1127 20.0 26.1725 23.4094 11.0 19.2354 16.0312 20.6155 15.0 23.0868 2.8284 8.9443 16.4012 17.6918 28.6356 26.8328 28.6531 28.8617 28.6356 16.1555 9.434 12.2066 17.0 8.0623 23.7697 7.2801 
25.1794 23.0217 18.3848 19.2354 21.6333 14.8661 25.0 2.0 4.4721 13.9284 19.4165 17.0 0.0 4.4721 15.6525 36.1248 15.5563 7.0 27.2029 21.095 28.8444 5.099 31.9061 12.8062 16.4012 25.9422 21.587 34.2053 13.1529 16.2788 11.6619 19.8494 19.105 2.0 10.0 25.02 8.2462 24.0416 18.3848 24.1661 
29.4279 27.4591 21.587 19.6469 26.0768 10.6301 29.0689 6.3246 8.4853 11.0454 23.8537 21.4709 4.4721 0.0 12.3693 40.4599 14.7648 3.6056 31.6228 23.7697 32.8024 4.2426 36.3593 12.6491 20.8087 30.4138 24.6982 38.6005 9.8489 15.6525 7.2111 19.2354 18.3576 5.6569 14.1421 29.1548 10.198 28.4605 19.2354 28.6356 
36.2353 37.4833 25.0 31.0644 36.0694 5.6569 40.4969 16.6433 20.1246 2.2361 33.9706 31.1127 15.6525 12.3693 0.0 50.9902 25.318 14.0 39.6611 25.1794 44.4185 10.8167 46.0109 24.0208 31.241 39.6989 37.0 48.7955 17.088 10.198 8.544 29.6142 28.6356 17.4642 22.0227 35.3412 22.561 36.6197 31.0 37.6431 
21.095 13.6015 32.573 36.6742 15.0 50.9902 12.6491 34.6554 32.0156 48.9183 17.0294 20.0 36.1248 40.4599 50.9902 0.0 40.1622 41.6173 16.0312 36.1386 11.0 40.3113 7.0 37.6962 19.799 12.6491 22.2036 3.0 45.6508 46.6476 47.634 41.0 41.2311 34.8281 29.4109 23.0868 33.121 17.4642 34.7131 14.8661 
36.8782 30.0666 33.2866 6.3246 29.0172 21.0 27.5136 17.0294 14.7648 24.7386 27.0 26.1725 15.5563 14.7648 25.318 40.1622 0.0 11.7047 37.1214 36.4005 29.9666 18.868 38.4708 3.1623 24.0208 34.0147 18.868 39.2938 9.2195 30.4138 17.0294 4.4721 3.6056 14.2127 23.7065 37.3631 9.4868 34.2345 7.2111 33.0151 
32.1403 29.0689 25.0 17.1172 27.7308 10.7703 29.7321 9.0 9.8489 13.1529 25.4951 23.4094 7.0 3.6056 14.0 41.6173 11.7047 0.0 33.9559 27.313 33.2415 7.8102 38.0132 10.0499 22.3607 32.311 24.1868 39.9625 6.3246 18.868 6.7082 16.1555 15.2315 7.2801 17.0 32.0156 9.434 30.8058 17.0 30.6757 
5.099 8.6023 17.4929 36.1386 8.9443 41.1461 16.2788 25.2982 24.3311 37.4433 10.4403 11.0 27.2029 31.6228 39.6611 16.0312 37.1214 33.9559 0.0 20.6155 18.868 29.9666 9.0554 34.0588 13.1529 5.0 24.6982 13.0384 39.4588 33.2415 38.6264 39.6232 39.4588 26.6833 17.8885 7.0711 28.0 3.1623 34.2053 4.4721 
15.6525 24.0208 4.1231 38.8973 23.0 29.0172 31.1448 19.4165 21.9317 23.0868 22.0907 19.2354 21.095 23.7697 25.1794 36.1386 36.4005 27.313 20.6155 0.0 35.0571 19.9249 29.4109 33.4215 21.587 23.5372 34.5398 33.2415 33.6155 15.8114 28.4429 40.4599 39.8246 22.2036 13.6015 13.8924 27.5862 18.6815 37.5366 21.3776 
22.8473 11.4018 31.0161 25.9615 12.1655 43.4166 4.1231 27.7849 24.4131 42.5441 13.0 16.0312 28.8444 32.8024 44.4185 11.0 29.9666 33.2415 18.868 35.0571 0.0 33.6155 13.0384 27.7849 14.3178 13.8924 11.4018 11.4018 36.4005 42.0595 39.6989 30.3645 30.6757 27.2029 24.7386 24.6982 24.0832 18.3848 24.0416 15.2315 
27.2029 26.9072 18.1108 23.4094 25.4951 11.1803 29.6816 5.831 9.4868 8.9443 23.3452 20.6155 5.099 4.2426 10.8167 40.3113 18.868 7.8102 29.9666 19.9249 33.6155 0.0 35.609 16.5529 20.5183 29.4109 26.6833 38.2099 13.8924 11.7047 9.0554 23.3238 22.4722 7.0711 12.083 26.6833 13.0384 26.8328 22.8035 27.4591 
14.1421 8.9443 26.0 36.0 10.2956 46.6154 12.3693 30.2324 28.178 43.8634 12.53 15.0 31.9061 36.3593 46.0109 7.0 38.4708 38.0132 9.0554 29.4109 13.0384 35.609 0.0 35.6931 15.6525 6.4031 22.3607 4.0 42.72 40.8044 43.566 40.05 40.1123 30.8869 24.0416 16.1245 30.3645 10.7703 34.0 8.6023 
33.7343 27.1662 30.2324 7.0711 26.0768 20.2237 25.0799 14.1421 11.6619 23.1948 24.0208 23.0868 12.8062 12.6491 24.0208 37.6962 3.1623 10.0499 34.0588 33.4215 27.7849 16.5529 35.6931 0.0 21.0 31.0644 17.0294 36.6879 9.434 28.2312 16.1245 7.0711 6.4031 11.3137 20.5913 34.2053 6.3246 31.1448 7.0711 30.0 
13.8924 6.7082 17.4642 23.0868 5.3852 31.241 10.198 14.8661 12.53 29.2062 3.1623 2.8284 16.4012 20.8087 31.241 19.799 24.0208 22.3607 13.1529 21.587 14.3178 20.5183 15.6525 21.0 0.0 10.198 13.6015 17.8045 27.2029 27.8568 28.0179 26.4764 26.3059 15.2643 10.4403 15.0 15.1327 10.4403 21.1896 9.0 
9.2195 4.1231 19.9249 32.3883 5.0 40.4969 11.3137 24.1868 22.4722 37.5366 7.0711 8.9443 25.9422 30.4138 39.6989 12.6491 34.0147 32.311 5.0 23.5372 13.8924 29.4109 6.4031 31.0644 10.198 0.0 20.1246 9.8489 37.3631 34.4093 37.5899 36.1248 36.0555 25.0799 17.6918 11.1803 25.318 5.0 30.4138 2.2361 
26.9072 16.1245 30.4631 14.5602 15.8114 34.8855 10.0499 21.2132 17.2627 35.4401 14.8661 16.4012 21.587 24.6982 37.0 22.2036 18.868 24.1868 24.6982 34.5398 11.4018 26.6833 22.3607 17.0294 13.6015 20.1246 0.0 22.0 26.1725 37.054 30.8869 18.9737 19.3132 19.6469 21.587 28.2843 14.7648 22.8035 12.6491 20.2485 
18.1108 11.3137 29.7321 36.2215 12.7279 49.0408 12.0416 32.6497 30.2324 46.6905 14.8661 17.6918 34.2053 38.6005 48.7955 3.0 39.2938 39.9625 13.0384 33.2415 11.4018 38.2099 4.0 36.6879 17.8045 9.8489 22.0 0.0 44.2832 44.1022 45.8039 40.4475 40.6079 33.0151 27.0185 20.0998 31.7805 14.5602 34.2345 12.083 
38.0132 33.8378 31.3209 15.5242 32.573 12.1655 33.2866 15.1327 15.1327 17.0 30.3645 28.6356 13.1529 9.8489 17.088 45.6508 9.2195 6.3246 39.4588 33.6155 36.4005 13.8924 42.72 9.434 27.2029 37.3631 26.1725 44.2832 0.0 24.0832 8.544 13.0 12.0 13.0 23.0868 38.0132 12.53 36.3456 16.1555 35.9026 
29.0689 33.121 16.6433 35.1141 31.7648 15.2315 37.9473 16.0312 20.025 8.544 29.9666 26.8328 16.2788 15.6525 10.198 46.6476 30.4138 18.868 33.2415 15.8114 42.0595 11.7047 40.8044 28.2312 27.8568 34.4093 37.054 44.1022 24.0832 0.0 16.4012 34.8855 34.0 18.2483 17.4642 27.8029 24.5153 30.4795 34.4819 32.2025 
36.1386 34.6699 27.0185 23.0217 33.2866 4.1231 36.0694 13.4164 15.6205 8.6023 31.0644 28.6531 11.6619 7.2111 8.544 47.634 17.0294 6.7082 38.6264 28.4429 39.6989 9.0554 43.566 16.1245 28.0179 37.5899 30.8869 45.8039 8.544 16.4012 0.0 21.2132 20.2237 12.8062 20.8806 35.6931 16.1245 35.4683 23.1948 35.7771 
39.8497 32.0624 37.2022 4.4721 31.1448 25.0799 28.4429 21.2132 18.6011 29.1204 29.2746 28.8617 19.8494 19.2354 29.6142 41.0 4.4721 16.1555 39.6232 40.4599 30.3645 23.3238 40.05 7.0711 26.4764 36.1248 18.9737 40.4475 13.0 34.8855 21.2132 0.0 1.0 18.3848 27.4591 40.4969 13.0384 36.8782 6.3246 35.3553 
39.5601 32.0156 36.6197 5.0 31.0644 24.0832 28.6356 20.5183 18.0278 28.1603 29.1548 28.6356 19.105 18.3576 28.6356 41.2311 3.6056 15.2315 39.4588 39.8246 30.6757 22.4722 40.1123 6.4031 26.3059 36.0555 19.3132 40.6079 12.0 34.0 20.2237 1.0 0.0 17.6918 26.9258 40.1622 12.53 36.6742 6.7082 35.2278 
25.02 21.9545 19.2354 17.4929 20.5913 16.2788 23.4307 2.8284 2.8284 15.8114 18.3576 16.1555 2.0 5.6569 17.4642 34.8281 14.2127 7.2801 26.6833 22.2036 27.2029 7.0711 30.8869 11.3137 15.2643 25.0799 19.6469 33.0151 13.0 18.2483 12.8062 18.3848 17.6918 0.0 10.198 25.02 6.3246 23.5372 16.5529 23.4094 
15.2971 15.8114 9.8995 25.4951 14.4222 23.2594 20.6155 8.0 8.9443 19.8494 12.53 9.434 10.0 14.1421 22.0227 29.4109 23.7065 17.0 17.8885 13.6015 24.7386 12.083 24.0416 20.5913 10.4403 17.6918 21.587 27.0185 23.0868 17.4642 20.8806 27.4591 26.9258 10.198 0.0 15.0333 14.4222 14.7648 24.0416 15.6205 
2.0 13.4164 11.3137 37.5766 13.0384 37.6431 21.4709 23.0217 23.1948 33.1059 13.4536 12.2066 25.02 29.1548 35.3412 23.0868 37.3631 32.0156 7.0711 13.8924 24.6982 26.6833 16.1245 34.2053 15.0 11.1803 28.2843 20.0998 38.0132 27.8029 35.6931 40.4969 40.1622 25.02 15.0333 0.0 27.8927 6.3246 35.7771 9.4868 
27.4591 21.587 24.2074 11.4018 20.3961 20.1246 20.8087 8.9443 5.6569 21.2132 18.2483 17.0 8.2462 10.198 22.561 33.121 9.4868 9.434 28.0 27.5862 24.0832 13.0384 30.3645 6.3246 15.1327 25.318 14.7648 31.7805 12.53 24.5153 16.1245 13.0384 12.53 6.3246 14.4222 27.8927 0.0 25.02 10.2956 24.0832 
4.4721 7.2111 15.2315 33.5261 7.0711 38.0132 15.2643 22.1359 21.2132 34.4093 8.0623 8.0623 24.0416 28.4605 36.6197 17.4642 34.2345 30.8058 3.1623 18.6815 18.3848 26.8328 10.7703 31.1448 10.4403 5.0 22.8035 14.5602 36.3456 30.4795 35.4683 36.8782 36.6742 23.5372 14.7648 6.3246 25.02 0.0 31.6228 3.1623 
34.9285 26.3059 33.9411 2.0 25.4951 27.2947 22.2036 19.2354 15.8114 30.0666 23.7697 23.7697 18.3848 19.2354 31.0 34.7131 7.2111 17.0 34.2053 37.5366 24.0416 22.8035 34.0 7.0711 21.1896 30.4138 12.6491 34.2345 16.1555 34.4819 23.1948 6.3246 6.7082 16.5529 24.0416 35.7771 10.2956 31.6228 0.0 29.8329 
7.6158 4.2426 17.72 31.7805 4.4721 38.5876 12.2066 22.3607 20.8806 35.4683 6.0828 7.2801 24.1661 28.6356 37.6431 14.8661 33.0151 30.6757 4.4721 21.3776 15.2315 27.4591 8.6023 30.0 9.0 2.2361 20.2485 12.083 35.9026 32.2025 35.7771 35.3553 35.2278 23.4094 15.6205 9.4868 24.0832 3.1623 29.8329 0.0 
