70
0.0 53.2353 46.5725 7.0711 12.1655 59.203 47.5395 17.2047 8.0623 26.4764 33.3017 26.4008 28.0 33.6006 28.178 47.8539 53.7122 17.0294 18.4391 11.0454 60.8276 60.3738 50.04 39.6232 49.6488 28.6007 10.0 29.0689 26.4197 34.2053 25.318 48.8774 42.9535 48.1664 39.598 25.632 25.0599 22.3607 21.0 16.1245 26.4008 36.6879 48.6004 17.0 64.6607 35.9026 58.5235 15.0 47.1275 54.7814 44.2832 54.037 32.5576 43.0116 24.0416 17.1172 20.6155 44.0114 71.4493 45.0999 47.2969 42.1545 46.2385 21.2603 44.7214 46.5725 21.3776 44.6542 61.7171 46.8615 
53.2353 0.0 10.6301 53.3667 51.4782 41.4367 60.2163 41.7852 58.2495 28.7924 43.1393 45.2217 25.4951 36.0694 50.0 27.8568 31.5753 55.3173 41.9762 54.4059 50.2195 32.0156 7.6158 18.4391 13.6015 32.311 61.0082 43.4166 31.0483 72.7186 29.4109 54.7083 11.7047 5.099 41.4005 32.2025 70.3847 31.0161 59.0339 41.1096 29.6142 18.9737 50.1199 54.3415 56.2939 18.2483 15.1327 62.3939 12.0416 25.0799 13.4536 7.0711 39.6232 34.9857 30.0666 36.1248 65.5515 72.9178 54.0093 8.2462 66.0681 57.4891 24.1661 41.5933 66.5282 64.6607 32.0156 34.0 53.6004 47.0106 
46.5725 10.6301 0.0 47.927 43.0 48.0416 62.1691 38.0132 52.5547 25.4951 43.566 43.9318 20.8087 36.7151 48.9183 33.0606 38.0526 46.2709 33.0606 49.6488 56.0803 40.025 14.8661 19.9249 20.3961 22.561 53.3385 42.8019 22.0227 70.2922 25.6125 57.5847 4.2426 8.544 43.4626 29.6985 66.3702 24.3516 55.8032 36.8917 21.0238 10.0499 53.4509 45.2769 62.1289 10.7703 12.8062 54.0 2.0 32.5576 17.0294 16.6433 39.9625 38.3275 22.561 29.7321 61.4003 72.4707 61.4003 9.0 67.2309 58.6686 29.0689 38.9487 67.1193 65.8635 25.2982 37.855 59.2115 50.2892 
7.0711 53.3667 47.927 0.0 19.0263 54.3783 40.7185 13.3417 5.0 25.0799 27.6586 20.5183 27.8927 29.0689 21.6333 44.2719 49.7695 24.0832 23.7065 4.0 55.2268 56.648 49.2544 38.0 48.0104 32.5576 15.8114 23.4307 29.7321 27.8568 24.1868 42.4382 44.0114 48.2701 34.2053 23.0868 19.8494 23.7065 14.0357 13.0384 29.2062 38.4708 42.5206 24.0208 58.7282 37.1618 60.3738 21.4709 48.7545 51.6624 43.0465 53.2353 27.4591 38.4708 26.0768 18.3576 15.0 37.054 66.0681 45.1221 40.2616 35.3412 43.1741 16.5529 37.6563 39.5601 22.8254 40.2492 55.8659 41.0122 
12.1655 51.4782 43.0 19.0263 0.0 65.7951 58.2409 25.0599 19.9249 29.4109 42.0595 35.8469 28.6356 40.6079 38.6005 52.6308 58.8982 5.831 10.198 23.0217 68.8186 65.0 50.0 41.5933 51.0784 21.587 11.6619 38.0132 21.0238 46.3249 28.0179 58.6941 40.1123 46.6905 47.7074 30.4138 36.7696 21.5407 33.0606 23.3238 22.0227 33.0151 57.7062 5.3852 73.2462 33.2415 53.6004 11.0 43.0465 58.5235 45.31 53.8516 40.4969 49.5782 21.587 18.0278 32.573 56.0803 78.8733 43.9318 58.6941 52.8867 50.2195 29.5296 56.3205 57.8705 20.6155 50.9313 70.1783 55.5698 
59.203 41.4367 48.0416 54.3783 65.7951 0.0 30.0832 42.0119 58.6686 37.4433 27.313 34.4384 40.7063 25.6125 35.7351 15.5242 10.0 71.5052 61.0328 52.3546 9.434 11.4018 34.1321 30.0832 28.0713 58.1808 69.2026 31.305 54.5619 56.0803 38.833 22.8035 45.2769 40.0125 20.6155 35.4683 60.6383 47.1699 49.3356 43.2782 52.3259 48.5077 18.2483 70.8378 15.2315 45.607 56.5685 73.7564 50.04 16.4924 31.1448 34.7131 26.9258 16.2788 49.2443 48.4149 57.5674 48.6621 13.9284 39.0512 37.3631 31.1448 19.4165 38.0132 39.8121 36.1386 47.7074 14.8661 13.0384 17.0 
47.5395 60.2163 62.1691 40.7185 58.2409 30.0832 0.0 34.2345 43.0465 39.8121 19.4165 23.0868 45.1221 25.632 19.6469 33.9706 34.1321 63.8905 58.3095 37.1214 24.0 39.8121 52.8015 42.5441 47.5079 61.2046 56.356 22.0227 57.2189 29.1548 40.6079 7.2801 58.1808 56.6039 18.868 35.5106 37.2022 48.1664 29.2062 36.2215 55.3263 57.5674 12.083 63.6003 23.7697 54.7083 73.9256 62.1691 63.9766 40.8044 46.8722 55.3173 22.8035 25.4951 51.2445 46.0109 36.0694 19.0 34.3657 54.2033 7.2801 5.3852 36.7967 30.0666 10.0 6.0828 48.0937 26.8701 22.2036 14.4222 
17.2047 41.7852 38.0132 13.3417 25.0599 42.0119 34.2345 0.0 18.2483 13.0 17.0 11.1803 17.2047 16.4012 15.0333 31.0161 36.6742 30.8869 24.0832 13.0384 44.0454 43.4626 36.8782 25.1794 35.0571 28.4605 27.2029 13.0 24.6982 32.5269 12.53 33.8378 33.8378 36.7696 22.8035 10.0499 28.6356 16.1245 17.8045 2.0 23.2594 29.6985 32.6497 30.4138 48.2597 27.6586 50.8035 31.8277 39.2046 38.3275 30.4138 40.7922 15.6205 25.807 19.2354 12.3693 23.7697 37.1618 54.4518 33.6155 36.1248 29.0689 29.8329 4.4721 34.5254 35.0571 15.6525 27.4591 45.2217 30.5287 
8.0623 58.2495 52.5547 5.0 19.9249 58.6686 43.0465 18.2483 0.0 30.0666 31.6228 24.4131 32.7567 33.6155 24.7588 49.0408 54.4243 24.1868 26.4008 6.4031 59.0339 61.3514 54.231 43.0 53.0094 36.1248 13.6015 27.4591 33.6006 26.4764 29.1548 45.4533 48.7032 53.1507 38.2753 28.0713 17.0 28.2312 14.5602 18.0278 33.2866 42.9535 45.9674 24.3311 62.2415 41.7852 64.8845 19.6469 53.3104 56.5155 48.0416 58.2151 31.7648 42.9535 30.4138 22.8473 12.6491 37.1214 70.0 50.01 41.7852 37.7359 48.0521 21.1896 38.8973 41.2311 27.313 44.7772 59.4643 44.6878 
26.4764 28.7924 25.4951 25.0799 29.4109 37.4433 39.8121 13.0 30.0666 0.0 20.3961 18.868 5.3852 15.0333 23.8537 23.3452 29.6985 34.8281 23.6008 25.7099 42.1545 35.609 24.1868 13.1529 23.1948 22.2036 35.7351 18.3848 18.2483 44.8219 1.4142 37.0135 21.2603 23.7697 23.0868 4.4721 41.6293 9.8489 30.5287 12.3693 16.1245 18.3576 34.1321 34.0588 47.4342 15.8114 38.2884 38.9102 26.8701 29.1548 18.0 28.1603 17.1172 21.9317 12.3693 11.4018 36.7696 47.4342 51.1077 20.6155 43.6578 35.4401 20.8087 13.4536 42.9535 42.3792 10.2956 22.8254 44.2719 31.257 
33.3017 43.1393 43.566 27.6586 42.0595 27.313 19.4165 17.0 31.6228 20.3961 0.0 7.2111 25.7099 7.0711 9.0 21.3776 25.02 47.8853 40.2616 25.2389 27.5862 32.0624 36.2353 24.7588 31.9061 42.0119 43.1393 4.2426 38.0132 32.0156 21.2132 17.2627 39.4462 38.9487 6.7082 16.1245 34.1321 29.0 22.3607 18.7883 36.0555 38.2753 15.6525 47.4131 31.4006 35.4683 55.8032 48.2701 45.2769 29.4279 29.7321 39.4081 3.6056 13.0 32.0156 27.4591 30.5941 29.8329 38.4187 36.2353 23.7065 15.2315 22.4722 12.53 23.6008 22.3607 29.0172 15.0 28.4253 13.6015 
26.4008 45.2217 43.9318 20.5183 35.8469 34.4384 23.0868 11.1803 24.4131 18.868 7.2111 0.0 24.1868 11.0454 5.0 27.0 31.4006 41.6293 35.2278 18.0278 34.7131 38.4708 38.9487 26.9258 35.4683 38.6394 36.1248 3.1623 34.7131 27.7308 19.2354 22.8473 39.6989 40.6079 13.8924 14.4222 28.0179 25.7099 16.0 13.1529 32.9848 37.2156 22.2036 41.2311 38.2884 34.6699 56.5862 41.4005 45.4533 35.0143 32.249 42.4853 8.0623 19.4165 28.8617 23.0217 24.0832 28.6007 45.607 37.6431 25.4951 18.0 27.2947 7.0 24.3516 24.3311 25.4951 21.3776 35.3836 20.5183 
28.0 25.4951 20.8087 27.8927 28.6356 40.7063 45.1221 17.2047 32.7567 5.3852 25.7099 24.1868 0.0 20.025 29.1548 25.807 32.2025 33.6155 21.2603 29.1548 46.1736 37.4833 22.0907 13.0384 22.4722 17.72 36.4966 23.7697 13.9284 49.5782 5.0 42.107 16.6433 20.3961 28.0 9.8489 45.6508 7.2111 35.0 16.1245 11.7047 13.0384 39.0128 32.7567 51.6624 10.6301 33.6006 38.8973 22.0227 30.4795 16.7631 26.0768 22.3607 25.9615 8.6023 11.1803 40.7063 52.6972 54.5619 17.2627 49.0408 40.8044 22.6716 18.4391 48.3322 47.7598 8.0623 26.5707 48.5077 36.0555 
33.6006 36.0694 36.7151 29.0689 40.6079 25.6125 25.632 16.4012 33.6155 15.0333 7.0711 11.0454 20.025 0.0 14.8661 16.0312 20.8806 46.4004 37.1618 27.5136 28.3019 27.8927 29.2062 17.6918 25.0599 37.2156 43.6005 8.2462 33.2415 38.2753 16.1245 22.0907 32.6497 31.8904 8.0623 11.4018 39.0512 24.5153 27.0185 17.6918 31.1448 32.0156 19.105 45.8039 33.1059 29.1204 48.8262 48.1664 38.4708 24.0 22.6716 32.45 3.6056 9.434 27.2947 24.1661 35.0143 36.8782 38.2884 29.2062 30.5287 21.9545 16.2788 12.53 30.6105 29.1548 24.7386 11.1803 29.9666 16.2788 
28.178 50.0 48.9183 21.6333 38.6005 35.7351 19.6469 15.0333 24.7588 23.8537 9.0 5.0 29.1548 14.8661 0.0 30.2655 34.0147 44.2719 39.0128 18.4391 34.6699 41.0488 43.566 31.6228 39.8121 43.1741 37.4433 6.7082 39.2938 23.4094 24.1868 20.8087 44.6878 45.4533 15.2971 19.4165 25.1794 30.3645 13.6015 17.0294 37.6431 42.19 21.2603 43.9659 37.5366 39.6611 61.5549 43.0465 50.448 38.3275 36.8917 47.0106 11.4018 22.0 33.5261 27.2947 21.8403 23.6008 45.793 42.5206 21.095 14.3178 31.0483 11.4018 19.6469 20.025 30.0832 24.0 34.8281 20.2485 
47.8539 27.8568 33.0606 44.2719 52.6308 15.5242 33.9706 31.0161 49.0408 23.3452 21.3776 27.0 25.807 16.0312 30.2655 0.0 6.4031 58.1378 46.7547 43.1741 23.0217 12.53 20.2485 14.5602 14.3178 42.9418 57.7062 24.0208 39.4462 53.3667 24.7588 27.6586 30.0167 25.4951 16.5529 22.4722 55.0091 32.6497 43.0 31.7805 37.2156 32.9848 22.8035 57.3847 29.0689 30.0832 42.72 61.5873 35.0571 8.0623 16.0312 21.9545 19.0263 8.9443 34.4093 34.7131 51.0392 49.6488 29.4109 24.0832 40.6079 32.45 4.0 27.8927 41.8808 39.2046 33.3017 7.2111 26.1725 19.8494 
53.7122 31.5753 38.0526 49.7695 58.8982 10.0 34.1321 36.6742 54.4243 29.6985 25.02 31.4006 32.2025 20.8806 34.0147 6.4031 0.0 64.4438 53.1507 48.3839 18.6815 7.0711 24.1868 20.6155 18.1108 49.2443 63.6318 28.2843 45.793 56.4358 31.1127 27.2029 35.3553 30.0167 19.105 28.6007 59.1354 39.0512 47.2652 37.5899 43.566 38.8973 22.2036 63.7024 24.7386 36.0555 46.6905 67.6757 40.05 7.2111 21.2132 25.0 23.3452 12.0416 40.8044 41.0366 55.4437 51.264 23.5372 29.0689 41.1825 33.6155 9.8489 33.2415 42.9535 39.8246 39.6989 10.0499 22.1359 19.7231 
17.0294 55.3173 46.2709 24.0832 5.831 71.5052 63.8905 30.8869 24.1868 34.8281 47.8853 41.6293 33.6155 46.4004 44.2719 58.1378 64.4438 0.0 13.3417 28.0713 74.6324 70.4344 54.4243 46.6476 55.9017 24.0 13.0384 43.8292 24.3311 50.636 33.4215 64.4748 43.7379 50.6952 53.535 36.0694 40.5216 26.4197 38.0132 29.1548 25.7099 36.4966 63.5295 1.0 79.0759 37.108 56.0803 9.434 46.0977 63.8201 50.0899 58.1893 46.3249 55.3173 26.0 23.4307 36.6742 61.0 84.6463 48.0833 64.1327 58.5235 55.6058 35.3553 61.6604 63.3482 25.5539 56.6392 76.0066 61.4003 
18.4391 41.9762 33.0606 23.7065 10.198 61.0328 58.3095 24.0832 26.4008 23.6008 40.2616 35.2278 21.2603 37.1618 39.0128 46.7547 53.1507 13.3417 0.0 27.313 65.2993 58.6941 41.2311 34.2053 43.0465 11.4018 21.5407 36.6742 11.0454 51.4782 22.2036 57.4891 30.4138 37.3631 44.9444 25.9422 43.2666 14.1421 37.0 22.0907 12.3693 23.1948 55.6597 12.3693 70.2638 23.7697 43.4166 21.095 33.0 51.7397 37.2156 44.9444 37.9473 45.2769 13.0384 13.0 38.5876 59.439 74.6257 34.7851 60.0083 53.1507 43.8406 28.2843 58.1378 59.0 13.4536 46.3249 67.1193 53.1413 
11.0454 54.4059 49.6488 4.0 23.0217 52.3546 37.1214 13.0384 6.4031 25.7099 25.2389 18.0278 29.1548 27.5136 18.4391 43.1741 48.3839 28.0713 27.313 0.0 52.6308 55.3624 49.8197 38.2099 48.0937 35.609 19.2354 21.095 32.5576 24.1661 25.0 39.2046 45.618 49.3356 31.9061 23.0868 17.0294 25.807 10.0499 13.3417 31.8277 40.4969 39.598 28.0179 55.8659 38.9487 62.2656 25.0799 50.6063 50.8035 43.4166 53.7587 25.4951 36.7696 28.4253 20.6155 12.0416 33.0606 63.6003 46.1736 36.4005 31.7648 42.4264 15.2971 33.7343 35.7351 25.0 38.6264 53.0754 38.2884 
60.8276 50.2195 56.0803 55.2268 68.8186 9.434 24.0 44.0454 59.0339 42.1545 27.5862 34.7131 46.1736 28.3019 34.6699 23.0217 18.6815 74.6324 65.2993 52.6308 0.0 20.8087 42.7551 37.1214 36.6742 63.8905 70.7107 31.8277 60.0833 52.1728 43.4626 17.1172 53.0 48.3735 21.2603 39.3573 58.3095 52.0 47.8853 45.607 57.8705 55.4437 13.9284 74.0608 6.0828 52.469 65.307 75.743 58.0775 25.632 39.0512 43.6807 28.4253 20.2485 54.4243 52.3546 55.9017 43.0 11.1803 47.0956 31.0644 26.4764 27.0185 39.6989 34.0 30.0167 52.3927 19.6469 3.6056 14.4222 
60.3738 32.0156 40.025 56.648 65.0 11.4018 39.8121 43.4626 61.3514 35.609 32.0624 38.4708 37.4833 27.8927 41.0488 12.53 7.0711 70.4344 58.6941 55.3624 20.8087 0.0 25.318 25.0 19.6469 53.8238 70.2353 35.3553 50.6063 63.2851 37.0135 32.6497 37.9473 31.5753 26.0192 34.9857 66.1891 44.5533 54.3323 44.2832 48.4149 42.4853 27.7308 69.6563 26.4197 39.8246 47.0106 74.0945 41.9762 7.6158 24.1661 25.0 30.4138 19.105 46.0109 47.0106 62.514 57.5674 22.0907 31.3209 47.0106 39.8497 14.8661 40.1622 49.0408 45.6946 45.2769 17.1172 24.4131 25.632 
50.04 7.6158 14.8661 49.2544 50.0 34.1321 52.8015 36.8782 54.231 24.1868 36.2353 38.9487 22.0907 29.2062 43.566 20.2485 24.1868 54.4243 41.2311 49.8197 42.7551 25.318 0.0 12.083 6.0828 33.0151 58.5491 36.8917 30.8869 66.6483 25.0799 47.1699 13.6015 6.3246 34.0588 26.9258 65.146 28.6356 53.4883 36.4966 29.0689 19.8494 42.5441 53.4883 48.8365 18.0278 22.561 60.6383 16.7631 18.0278 6.7082 4.0 32.8024 27.4591 28.4605 33.2415 60.4401 66.0681 47.0425 7.0711 58.7963 50.2494 16.5529 36.0555 59.397 57.3847 29.6142 26.4197 46.0977 39.4462 
39.6232 18.4391 19.9249 38.0 41.5933 30.0832 42.5441 25.1794 43.0 13.1529 24.7588 26.9258 13.0384 17.6918 31.6228 14.5602 20.6155 46.6476 34.2053 38.2099 37.1214 25.0 12.083 0.0 10.0499 28.8444 48.7647 25.0 25.6125 54.5894 14.3178 37.6962 16.2788 14.2127 23.7065 15.1327 53.1601 20.2485 41.4367 25.02 23.4307 18.4391 33.5261 45.793 43.0465 15.5242 31.3847 51.6236 21.8403 17.6918 5.3852 15.8114 21.2132 18.4391 21.2603 23.7697 48.5077 54.4885 43.9659 11.6619 48.0104 39.4081 10.7703 24.0416 48.2701 46.6154 21.095 18.1108 40.0125 30.3645 
49.6488 13.6015 20.3961 48.0104 51.0784 28.0713 47.5079 35.0571 53.0094 23.1948 31.9061 35.4683 22.4722 25.0599 39.8121 14.3178 18.1108 55.9017 43.0465 48.0937 36.6742 19.6469 6.0828 10.0499 0.0 36.0694 58.6941 33.1059 33.4215 63.1585 24.3311 41.6173 18.3848 12.0416 29.0 25.02 62.5859 29.5466 50.6952 35.0 31.4006 23.6008 36.8917 55.0091 42.7551 21.2603 28.6356 61.3514 22.3607 12.1655 5.831 7.8102 28.6531 22.0227 30.0167 33.5261 58.0517 61.6117 41.1096 11.7047 53.7401 45.2769 10.8167 33.541 54.5619 52.3259 30.4631 20.8087 40.025 33.8378 
28.6007 32.311 22.561 32.5576 21.587 58.1808 61.2046 28.4605 36.1248 22.2036 42.0119 38.6394 17.72 37.2156 43.1741 42.9418 49.2443 24.0 11.4018 35.609 63.8905 53.8238 33.0151 28.8444 36.0694 0.0 32.8938 39.2046 4.0 59.3633 21.095 59.0339 20.6155 28.178 45.2769 26.0192 52.4023 13.0384 44.4185 26.5707 6.0828 13.4164 56.3205 23.0 69.3758 15.0 32.1403 32.3883 22.2036 46.4004 30.4138 36.3593 39.0128 43.6807 10.0 16.1555 47.5079 65.5515 72.0902 26.0768 64.1327 56.4358 39.4462 31.7805 62.8172 62.9682 13.1529 44.2719 66.2193 53.4603 
10.0 61.0082 53.3385 15.8114 11.6619 69.2026 56.356 27.2029 13.6015 35.7351 43.1393 36.1248 36.4966 43.6005 37.4433 57.7062 63.6318 13.0384 21.5407 19.2354 70.7107 70.2353 58.5491 48.7647 58.6941 32.8938 0.0 38.8973 31.7805 39.0128 34.4819 58.2495 50.0899 56.0357 49.5177 35.3412 28.2843 30.0666 28.1603 26.0768 32.3883 43.2897 58.258 13.6015 74.411 43.0465 64.5368 6.0828 53.6004 64.4748 53.1507 62.514 42.5206 53.0094 31.0161 25.318 25.0 50.4876 81.3941 53.0848 55.3624 51.0 55.9464 31.241 52.4976 54.7814 29.0689 54.6443 71.5052 56.6392 
29.0689 43.4166 42.8019 23.4307 38.0132 31.305 22.0227 13.0 27.4591 18.3848 4.2426 3.1623 23.7697 8.2462 6.7082 24.0208 28.2843 43.8292 36.6742 21.095 31.8277 35.3553 36.8917 25.0 33.1059 39.2046 38.8973 0.0 35.2278 30.0832 18.9737 20.8806 38.6005 38.9487 10.8167 13.9284 31.0 26.1725 19.0263 14.8661 33.3766 36.6742 19.7231 43.382 35.609 34.0 55.3173 44.0454 44.4072 32.0624 30.2324 40.3113 5.0 16.2788 29.2746 24.0832 27.1662 29.7321 42.638 36.0694 25.2982 17.2627 24.5153 8.544 24.5967 24.0416 26.0768 18.2483 32.6497 17.8045 
26.4197 31.0483 22.0227 29.7321 21.0238 54.5619 57.2189 24.6982 33.6006 18.2483 38.0132 34.7131 13.9284 33.2415 39.2938 39.4462 45.793 24.3311 11.0454 32.5576 60.0833 50.6063 30.8869 25.6125 33.4215 4.0 31.7805 35.2278 0.0 56.0357 17.1172 55.0364 19.4165 26.5707 41.3038 22.0227 49.4975 9.0554 41.0488 22.8473 2.2361 12.1655 52.345 23.3452 65.521 13.0 32.7567 32.0156 22.0227 43.2782 27.6586 34.4384 35.0143 39.8497 6.0 12.53 44.5533 61.8466 68.4471 24.1661 60.208 52.469 36.0555 27.8927 58.9406 59.0339 9.2195 40.4969 62.3618 49.4975 
34.2053 72.7186 70.2922 27.8568 46.3249 56.0803 29.1548 32.5269 26.4764 44.8219 32.0156 27.7308 49.5782 38.2753 23.4094 53.3667 56.4358 50.636 51.4782 24.1661 52.1728 63.2851 66.6483 54.5894 63.1585 59.3633 39.0128 30.0832 56.0357 0.0 44.6878 35.171 66.0681 67.9559 37.3363 40.8044 11.4018 48.2701 15.0 33.9706 55.0 62.2254 38.4708 50.8035 52.811 60.1415 83.0963 45.0 71.5891 61.3922 59.9416 70.214 34.7851 44.7214 51.225 43.6005 14.0357 13.6015 63.0635 64.8999 23.8537 25.7099 54.4059 31.4006 20.2485 24.1868 47.634 46.6905 50.9608 39.1152 
25.318 29.4109 25.6125 24.1868 28.0179 38.833 40.6079 12.53 29.1548 1.4142 21.2132 19.2354 5.0 16.1245 24.1868 24.7588 31.1127 33.4215 22.2036 25.0 43.4626 37.0135 25.0799 14.3178 24.3311 21.095 34.4819 18.9737 17.1172 44.6878 0.0 38.0 21.4009 24.3516 24.1868 5.099 41.1461 8.544 30.2324 11.7047 15.0333 18.0278 35.2278 32.6497 48.7032 15.6205 38.4187 37.5766 26.9072 30.5287 19.0263 29.0689 18.0278 23.2594 11.1803 10.0 36.2491 47.7074 52.4786 21.1896 44.2719 36.1386 22.2036 13.4536 43.4626 43.0116 8.9443 24.1868 45.5412 32.3883 
48.8774 54.7083 57.5847 42.4382 58.6941 22.8035 7.2801 33.8378 45.4533 37.0135 17.2627 22.8473 42.107 22.0907 20.8087 27.6586 27.2029 64.4748 57.4891 39.2046 17.1172 32.6497 47.1699 37.6962 41.6173 59.0339 58.2495 20.8806 55.0364 35.171 38.0 0.0 53.7587 51.4296 14.3178 33.0151 42.0595 46.0977 32.6497 35.7351 53.0094 53.9351 5.0 64.0781 17.8885 50.9902 68.8767 63.8122 59.4643 34.0588 41.5933 49.4065 20.025 19.7231 49.0408 44.7214 40.2244 26.0768 27.8927 49.2443 14.5602 9.4868 30.8058 29.4109 17.1172 13.3417 46.1736 20.8087 15.8114 7.8102 
42.9535 11.7047 4.2426 44.0114 40.1123 45.2769 58.1808 33.8378 48.7032 21.2603 39.4462 39.6989 16.6433 32.6497 44.6878 30.0167 35.3553 43.7379 30.4138 45.618 53.0 37.9473 13.6015 16.2788 18.3848 20.6155 50.0899 38.6005 19.4165 66.0681 21.4009 53.7587 0.0 7.8102 39.5601 25.4558 62.2656 20.6155 51.614 32.7567 18.1108 7.2801 49.7293 42.7551 59.0085 7.0711 17.0294 51.0882 5.831 30.3645 14.1421 16.2788 35.8469 34.7131 19.105 25.9615 57.3062 68.2495 58.8558 6.7082 63.1348 54.5894 26.0192 34.7131 62.9682 61.7738 21.587 34.3657 56.0357 46.5725 
48.1664 5.099 8.544 48.2701 46.6905 40.0125 56.6039 36.7696 53.1507 23.7697 38.9487 40.6079 20.3961 31.8904 45.4533 25.4951 30.0167 50.6952 37.3631 49.3356 48.3735 31.5753 6.3246 14.2127 12.0416 28.178 56.0357 38.9487 26.5707 67.9559 24.3516 51.4296 7.8102 0.0 37.7359 27.2947 65.3911 26.0 54.1202 36.0555 25.0 14.7648 47.0106 49.7293 54.4518 13.6015 17.4642 57.5587 10.4403 24.1868 9.8489 8.4853 35.3836 31.7805 25.1794 31.0644 60.5392 68.593 53.1507 3.1623 62.2013 53.6004 21.587 36.7151 62.482 60.803 27.0 31.0161 51.6236 43.8634 
39.598 41.4005 43.4626 34.2053 47.7074 20.6155 18.868 22.8035 38.2753 23.0868 6.7082 13.8924 28.0 8.0623 15.2971 16.5529 19.105 53.535 44.9444 31.9061 21.2603 26.0192 34.0588 23.7065 29.0 45.2769 49.5177 10.8167 41.3038 37.3363 24.1868 14.3178 39.5601 37.7359 0.0 19.4165 40.4475 32.5576 28.8617 24.4131 39.2046 39.6232 11.0454 53.0 25.5539 36.6742 55.0727 54.4885 45.31 24.3516 28.0179 36.7696 7.2111 7.6158 35.3553 31.9531 37.108 33.121 31.8904 35.3553 24.7588 16.2788 18.6011 18.4391 25.6125 23.3452 32.7567 9.4868 22.4722 8.2462 
25.632 32.2025 29.6985 23.0868 30.4138 35.4683 35.5106 10.0499 28.0713 4.4721 16.1245 14.4222 9.8489 11.4018 19.4165 22.4722 28.6007 36.0694 25.9422 23.0868 39.3573 34.9857 26.9258 15.1327 25.02 26.0192 35.3412 13.9284 22.0227 40.8044 5.099 33.0151 25.4558 27.2947 19.4165 0.0 38.2753 13.1529 26.8328 10.0499 20.0 22.8254 30.4138 35.3836 44.3847 20.2485 42.45 39.1152 31.1448 29.1548 20.3961 30.8058 13.0 19.4165 16.0312 13.0384 33.5261 43.0116 48.8262 24.1868 39.2173 31.0483 20.6155 9.434 38.4838 37.9473 13.3417 20.6155 41.2311 27.6586 
25.0599 70.3847 66.3702 19.8494 36.7696 60.6383 37.2022 28.6356 17.0 41.6293 34.1321 28.0179 45.6508 39.0512 25.1794 55.0091 59.1354 40.5216 43.2666 17.0294 58.3095 66.1891 65.146 53.1601 62.5859 52.4023 28.2843 31.0 49.4975 11.4018 41.1461 42.0595 62.2656 65.3911 40.4475 38.2753 0.0 42.8019 12.0416 29.5296 48.8365 57.4282 44.3847 40.8044 59.9416 55.7584 79.0759 34.1321 67.4166 63.0317 58.5235 68.9638 36.0 47.0956 45.4533 37.6431 5.0 24.5967 69.4622 62.2415 33.2415 32.7567 55.2268 29.1204 29.7321 33.2415 42.0119 49.0918 57.6975 44.2719 
22.3607 31.0161 24.3516 23.7065 21.5407 47.1699 48.1664 16.1245 28.2312 9.8489 29.0 25.7099 7.2111 24.5153 30.3645 32.6497 39.0512 26.4197 14.1421 25.807 52.0 44.5533 28.6356 20.2485 29.5466 13.0384 30.0666 26.1725 9.0554 48.2701 8.544 46.0977 20.6155 26.0 32.5576 13.1529 42.8019 0.0 33.3017 14.4222 7.2801 14.7648 43.566 25.5539 57.2451 13.6015 36.6742 32.0156 25.0799 37.6431 23.7697 32.5576 26.0768 31.7805 3.1623 5.3852 37.8021 53.2259 60.9016 23.0217 51.1957 43.4166 29.6985 18.9737 50.0 50.01 1.0 32.6497 54.0833 40.7922 
21.0 59.0339 55.8032 14.0357 33.0606 49.3356 29.2062 17.8045 14.5602 30.5287 22.3607 16.0 35.0 27.0185 13.6015 43.0 47.2652 38.0132 37.0 10.0499 47.8853 54.3323 53.4883 41.4367 50.6952 44.4185 28.1603 19.0263 41.0488 15.0 30.2324 32.6497 51.614 54.1202 28.8617 26.8328 12.0416 33.3017 0.0 19.105 40.0 47.4236 34.1321 38.0 50.2195 45.4533 68.6003 34.2053 57.0088 51.0098 46.8188 57.2451 24.0208 35.2278 36.2353 28.6007 8.2462 23.0217 59.0593 51.0 27.313 24.0832 43.1856 17.4642 24.3516 26.8328 32.6497 37.2156 47.7074 33.541 
16.1245 41.1096 36.8917 13.0384 23.3238 43.2782 36.2215 2.0 18.0278 12.3693 18.7883 13.1529 16.1245 17.6918 17.0294 31.7805 37.5899 29.1548 22.0907 13.3417 45.607 44.2832 36.4966 25.02 35.0 26.5707 26.0768 14.8661 22.8473 33.9706 11.7047 35.7351 32.7567 36.0555 24.4131 10.0499 29.5296 14.4222 19.105 0.0 21.4709 28.3196 34.4384 28.6531 49.93 26.4008 49.6488 30.4795 38.0132 38.8973 30.1496 40.4475 17.2047 27.0185 17.4929 10.4403 24.5967 39.0 55.9017 32.8938 38.1182 31.0644 30.3645 6.3246 36.4966 37.054 13.8924 28.6007 46.8722 32.249 
26.4008 29.6142 21.0238 29.2062 22.0227 52.3259 55.3263 23.2594 33.2866 16.1245 36.0555 32.9848 11.7047 31.1448 37.6431 37.2156 43.566 25.7099 12.3693 31.8277 57.8705 48.4149 29.0689 23.4307 31.4006 6.0828 32.3883 33.3766 2.2361 55.0 15.0333 53.0094 18.1108 25.0 39.2046 20.0 48.8365 7.2801 40.0 21.4709 0.0 11.0 50.2494 24.7386 63.3246 11.4018 32.28 33.0151 21.2132 41.1096 25.6125 32.6956 33.0 37.6431 4.1231 11.4018 43.8634 60.4152 66.2118 22.4722 58.4637 50.636 33.8378 26.2488 57.28 57.2713 7.6158 38.2753 60.1664 47.3814 
36.6879 18.9737 10.0499 38.4708 33.0151 48.5077 57.5674 29.6985 42.9535 18.3576 38.2753 37.2156 13.0384 32.0156 42.19 32.9848 38.8973 36.4966 23.1948 40.4969 55.4437 42.4853 19.8494 18.4391 23.6008 13.4164 43.2897 36.6742 12.1655 62.2254 18.0278 53.9351 7.2801 14.7648 39.6232 22.8254 57.4282 14.7648 47.4236 28.3196 11.0 0.0 50.3587 35.5106 61.2944 3.0 21.9317 44.0114 10.4403 34.8855 18.3576 23.0217 34.7851 36.0 12.6491 20.1246 52.4309 65.7343 62.3618 12.8062 61.8466 53.4883 29.1204 31.4006 61.2699 60.5392 15.6525 36.0555 58.2151 47.2652 
48.6004 50.1199 53.4509 42.5206 57.7062 18.2483 12.083 32.6497 45.9674 34.1321 15.6525 22.2036 39.0128 19.105 21.2603 22.8035 22.2036 63.5295 55.6597 39.598 13.9284 27.7308 42.5441 33.5261 36.8917 56.3205 58.258 19.7231 52.345 38.4708 35.2278 5.0 49.7293 47.0106 11.0454 30.4138 44.3847 43.566 34.1321 34.4384 50.2494 50.3587 0.0 63.0635 16.2788 47.3814 64.4748 63.6003 55.3624 29.0689 37.1618 44.6542 17.72 15.2315 46.3897 42.72 42.0595 30.4138 25.0799 44.9444 19.3132 13.0 26.0768 28.178 21.587 18.0278 43.7379 16.1245 13.6015 3.1623 
17.0 54.3415 45.2769 24.0208 5.3852 70.8378 63.6003 30.4138 24.3311 34.0588 47.4131 41.2311 32.7567 45.8039 43.9659 57.3847 63.7024 1.0 12.3693 28.0179 74.0608 69.6563 53.4883 45.793 55.0091 23.0 13.6015 43.382 23.3452 50.8035 32.6497 64.0781 42.7551 49.7293 53.0 35.3836 40.8044 25.5539 38.0 28.6531 24.7386 35.5106 63.0635 0.0 78.5493 36.1386 55.0818 10.2956 45.0999 63.0079 49.1935 57.2451 45.793 54.6717 25.0799 22.6716 36.8782 61.0082 84.0238 47.1275 63.9531 58.2409 54.8179 34.8855 61.5224 63.1506 24.6982 55.9732 75.4718 60.9016 
64.6607 56.2939 62.1289 58.7282 73.2462 15.2315 23.7697 48.2597 62.2415 47.4342 31.4006 38.2884 51.6624 33.1059 37.5366 29.0689 24.7386 79.0759 70.2638 55.8659 6.0828 26.4197 48.8365 43.0465 42.7551 69.3758 74.411 35.609 65.521 52.811 48.7032 17.8885 59.0085 54.4518 25.5539 44.3847 59.9416 57.2451 50.2195 49.93 63.3246 61.2944 16.2788 78.5493 0.0 58.3095 71.3863 79.6492 64.1249 31.6228 45.0999 49.7293 32.7567 25.7099 59.7746 57.2713 57.9828 42.4264 11.0454 53.1507 30.2655 27.313 33.0606 43.8292 33.541 29.4279 57.5847 25.318 3.1623 17.8045 
35.9026 18.2483 10.7703 37.1618 33.2415 45.607 54.7083 27.6586 41.7852 15.8114 35.4683 34.6699 10.6301 29.1204 39.6611 30.0832 36.0555 37.108 23.7697 38.9487 52.469 39.8246 18.0278 15.5242 21.2603 15.0 43.0465 34.0 13.0 60.1415 15.6205 50.9902 7.0711 13.6015 36.6742 20.2485 55.7584 13.6015 45.4533 26.4008 11.4018 3.0 47.3814 36.1386 58.3095 0.0 23.3238 44.1814 11.6619 32.249 15.8114 21.4709 31.9531 33.0 12.0416 18.9737 50.774 63.2456 59.4811 11.1803 59.0931 50.6952 26.2488 29.0689 58.5918 57.7754 14.5602 33.0606 55.2268 44.2832 
58.5235 15.1327 12.8062 60.3738 53.6004 56.5685 73.9256 50.8035 64.8845 38.2884 55.8032 56.5862 33.6006 48.8262 61.5549 42.72 46.6905 56.0803 43.4166 62.2656 65.307 47.0106 22.561 31.3847 28.6356 32.1403 64.5368 55.3173 32.7567 83.0963 38.4187 68.8767 17.0294 17.4642 55.0727 42.45 79.0759 36.6742 68.6003 49.6488 32.28 21.9317 64.4748 55.0818 71.3863 23.3238 0.0 64.4981 11.6619 40.1995 27.313 22.0227 52.2015 49.2443 34.5398 42.0476 74.0945 85.0412 69.0652 19.7231 79.3221 70.7248 38.8973 51.7397 79.404 77.9359 37.5766 48.4665 68.6586 61.327 
15.0 62.3939 54.0 21.4709 11.0 73.7564 62.1691 31.8277 19.6469 38.9102 48.2701 41.4005 38.8973 48.1664 43.0465 61.5873 67.6757 9.434 21.095 25.0799 75.743 74.0945 60.6383 51.6236 61.3514 32.3883 6.0828 44.0454 32.0156 45.0 37.5766 63.8122 51.0882 57.5587 54.4885 39.1152 34.1321 32.0156 34.2053 30.4795 33.0151 44.0114 63.6003 10.2956 79.6492 44.1814 64.4981 0.0 54.037 68.0 55.6597 64.5368 47.3814 57.4891 32.3883 27.8568 31.0161 56.5685 86.267 54.7449 61.3514 56.7979 59.5399 36.0694 58.5235 60.7454 31.0483 59.0339 76.6942 61.8466 
47.1275 12.0416 2.0 48.7545 43.0465 50.04 63.9766 39.2046 53.3104 26.8701 45.2769 45.4533 22.0227 38.4708 50.448 35.0571 40.05 46.0977 33.0 50.6063 58.0775 41.9762 16.7631 21.8403 22.3607 22.2036 53.6004 44.4072 22.0227 71.5891 26.9072 59.4643 5.831 10.4403 45.31 31.1448 67.4166 25.0799 57.0088 38.0132 21.2132 10.4403 55.3624 45.0999 64.1249 11.6619 11.6619 54.037 0.0 34.5254 19.0263 18.3576 41.6773 40.2616 23.0868 30.4631 62.434 74.027 63.3877 11.0 68.9638 60.4152 31.0644 40.3113 68.7968 67.6018 26.0 39.8121 61.2046 52.2015 
54.7814 25.0799 32.5576 51.6624 58.5235 16.4924 40.8044 38.3275 56.5155 29.1548 29.4279 35.0143 30.4795 24.0 38.3275 8.0623 7.2111 63.8201 51.7397 50.8035 25.632 7.6158 18.0278 17.6918 12.1655 46.4004 64.4748 32.0624 43.2782 61.3922 30.5287 34.0588 30.3645 24.1868 24.3516 29.1548 63.0317 37.6431 51.0098 38.8973 41.1096 34.8855 29.0689 63.0079 31.6228 32.249 40.1995 68.0 34.5254 0.0 16.5529 18.2483 27.074 16.7631 38.8973 40.4969 59.0085 57.2713 29.0172 23.7697 47.7074 39.8246 8.544 35.5106 49.2443 46.3249 38.4187 14.8661 29.1548 26.4008 
44.2832 13.4536 17.0294 43.0465 45.31 31.1448 46.8722 30.4138 48.0416 18.0 29.7321 32.249 16.7631 22.6716 36.8917 16.0312 21.2132 50.0899 37.2156 43.4166 39.0512 24.1661 6.7082 5.3852 5.831 30.4138 53.1507 30.2324 27.6586 59.9416 19.0263 41.5933 14.1421 9.8489 28.0179 20.3961 58.5235 23.7697 46.8188 30.1496 25.6125 18.3576 37.1618 49.1935 45.0999 15.8114 27.313 55.6597 19.0263 16.5529 0.0 10.4403 26.2488 21.9317 24.1868 27.8927 53.8516 59.5483 44.7214 8.0623 52.6308 44.0454 12.0416 29.4109 53.0754 51.225 24.6982 21.1896 42.19 34.0147 
54.037 7.0711 16.6433 53.2353 53.8516 34.7131 55.3173 40.7922 58.2151 28.1603 39.4081 42.4853 26.0768 32.45 47.0106 21.9545 25.0 58.1893 44.9444 53.7587 43.6807 25.0 4.0 15.8114 7.8102 36.3593 62.514 40.3113 34.4384 70.214 29.0689 49.4065 16.2788 8.4853 36.7696 30.8058 68.9638 32.5576 57.2451 40.4475 32.6956 23.0217 44.6542 57.2451 49.7293 21.4709 22.0227 64.5368 18.3576 18.2483 10.4403 0.0 36.0555 29.8329 32.28 37.2156 64.2884 69.2026 47.0425 10.2956 61.5224 53.0377 18.6011 39.8497 62.2896 60.1082 33.541 28.6007 47.1275 41.6173 
32.5576 39.6232 39.9625 27.4591 40.4969 26.9258 22.8035 15.6205 31.7648 17.1172 3.6056 8.0623 22.3607 3.6056 11.4018 19.0263 23.3452 46.3249 37.9473 25.4951 28.4253 30.4138 32.8024 21.2132 28.6531 39.0128 42.5206 5.0 35.0143 34.7851 18.0278 20.025 35.8469 35.3836 7.2111 13.0 36.0 26.0768 24.0208 17.2047 33.0 34.7851 17.72 45.793 32.7567 31.9531 52.2015 47.3814 41.6773 27.074 26.2488 36.0555 0.0 11.4018 29.0172 25.0 32.1403 33.3017 38.8973 32.6497 27.2947 18.7883 19.6469 11.3137 27.2029 25.9422 26.1725 13.3417 29.6816 15.2315 
43.0116 34.9857 38.3275 38.4708 49.5782 16.2788 25.4951 25.807 42.9535 21.9317 13.0 19.4165 25.9615 9.434 22.0 8.9443 12.0416 55.3173 45.2769 36.7696 20.2485 19.105 27.4591 18.4391 22.0227 43.6807 53.0094 16.2788 39.8497 44.7214 23.2594 19.7231 34.7131 31.7805 7.6158 19.4165 47.0956 31.7805 35.2278 27.0185 37.6431 36.0 15.2315 54.6717 25.7099 33.0 49.2443 57.4891 40.2616 16.7631 21.9317 29.8329 11.4018 0.0 34.176 32.45 43.4166 40.7063 29.4109 29.7321 31.8904 23.6008 11.3137 21.9545 33.0151 30.4795 32.2025 2.0 22.561 12.083 
24.0416 30.0666 22.561 26.0768 21.587 49.2443 51.2445 19.2354 30.4138 12.3693 32.0156 28.8617 8.6023 27.2947 33.5261 34.4093 40.8044 26.0 13.0384 28.4253 54.4243 46.0109 28.4605 21.2603 30.0167 10.0 31.0161 29.2746 6.0 51.225 11.1803 49.0408 19.105 25.1794 35.3553 16.0312 45.4533 3.1623 36.2353 17.4929 4.1231 12.6491 46.3897 25.0799 59.7746 12.0416 34.5398 32.3883 23.0868 38.8973 24.1868 32.28 29.0172 34.176 0.0 7.8102 40.4599 56.3649 63.0635 22.3607 54.3415 46.5296 31.241 22.1359 53.1601 53.1507 3.6056 34.9285 56.6127 43.566 
17.1172 36.1248 29.7321 18.3576 18.0278 48.4149 46.0109 12.3693 22.8473 11.4018 27.4591 23.0217 11.1803 24.1661 27.2947 34.7131 41.0366 23.4307 13.0 20.6155 52.3546 47.0106 33.2415 23.7697 33.5261 16.1555 25.318 24.0832 12.53 43.6005 10.0 44.7214 25.9615 31.0644 31.9531 13.0384 37.6431 5.3852 28.6007 10.4403 11.4018 20.1246 42.72 22.6716 57.2713 18.9737 42.0476 27.8568 30.4631 40.4969 27.8927 37.2156 25.0 32.45 7.8102 0.0 32.6497 49.3964 61.8547 28.0179 48.3735 41.0122 32.2025 16.0312 46.8722 47.2652 4.4721 33.6006 54.1295 40.1622 
20.6155 65.5515 61.4003 15.0 32.573 57.5674 36.0694 23.7697 12.6491 36.7696 30.5941 24.0832 40.7063 35.0143 21.8403 51.0392 55.4437 36.6742 38.5876 12.0416 55.9017 62.514 60.4401 48.5077 58.0517 47.5079 25.0 27.1662 44.5533 14.0357 36.2491 40.2244 57.3062 60.5392 37.108 33.5261 5.0 37.8021 8.2462 24.5967 43.8634 52.4309 42.0595 36.8782 57.9828 50.774 74.0945 31.0161 62.434 59.0085 53.8516 64.2884 32.1403 43.4166 40.4599 32.6497 0.0 25.9615 67.082 57.3847 33.0151 31.241 51.0392 24.5153 29.6816 32.8024 37.0135 45.3982 55.5698 41.6293 
44.0114 72.9178 72.4707 37.054 56.0803 48.6621 19.0 37.1618 37.1214 47.4342 29.8329 28.6007 52.6972 36.8782 23.6008 49.6488 51.264 61.0 59.439 33.0606 43.0 57.5674 66.0681 54.4885 61.6117 65.5515 50.4876 29.7321 61.8466 13.6015 47.7074 26.0768 68.2495 68.593 33.121 43.0116 24.5967 53.2259 23.0217 39.0 60.4152 65.7343 30.4138 61.0082 42.4264 63.2456 85.0412 56.5685 74.027 57.2713 59.5483 69.2026 33.3017 40.7063 56.3649 49.3964 25.9615 0.0 53.2353 65.7647 12.1655 17.72 51.6236 34.4819 9.0 13.0384 52.8015 42.4853 41.1096 32.0156 
71.4493 54.0093 61.4003 66.0681 78.8733 13.9284 34.3657 54.4518 70.0 51.1077 38.4187 45.607 54.5619 38.2884 45.793 29.4109 23.5372 84.6463 74.6257 63.6003 11.1803 22.0907 47.0425 43.9659 41.1096 72.0902 81.3941 42.638 68.4471 63.0635 52.4786 27.8927 58.8558 53.1507 31.8904 48.8262 69.4622 60.9016 59.0593 55.9017 66.2118 62.3618 25.0799 84.0238 11.0454 59.4811 69.0652 86.267 63.3877 29.0172 44.7214 47.0425 38.8973 29.4109 63.0635 61.8547 67.082 53.2353 0.0 52.469 41.1096 37.3631 33.2415 50.2096 44.2832 40.1995 61.4003 28.3019 12.1655 25.5539 
45.0999 8.2462 9.0 45.1221 43.9318 39.0512 54.2033 33.6155 50.01 20.6155 36.2353 37.6431 17.2627 29.2062 42.5206 24.0832 29.0689 48.0833 34.7851 46.1736 47.0956 31.3209 7.0711 11.6619 11.7047 26.0768 53.0848 36.0694 24.1661 64.8999 21.1896 49.2443 6.7082 3.1623 35.3553 24.1868 62.2415 23.0217 51.0 32.8938 22.4722 12.8062 44.9444 47.1275 53.1507 11.1803 19.7231 54.7449 11.0 23.7697 8.0623 10.2956 32.6497 29.7321 22.3607 28.0179 57.3847 65.7647 52.469 0.0 59.6406 51.0392 20.0998 33.6155 59.8164 58.2495 24.0208 29.1204 50.2494 41.7852 
47.2969 66.0681 67.2309 40.2616 58.6941 37.3631 7.2801 36.1248 41.7852 43.6578 23.7065 25.4951 49.0408 30.5287 21.095 40.6079 41.1825 64.1327 60.0083 36.4005 31.0644 47.0106 58.7963 48.0104 53.7401 64.1327 55.3624 25.2982 60.208 23.8537 44.2719 14.5602 63.1348 62.2013 24.7588 39.2173 33.2415 51.1957 27.313 38.1182 58.4637 61.8466 19.3132 63.9531 30.2655 59.0931 79.3221 61.3514 68.9638 47.7074 52.6308 61.5224 27.2947 31.8904 54.3415 48.3735 33.0151 12.1655 41.1096 59.6406 0.0 8.6023 43.1856 32.3883 3.6056 1.4142 50.9902 33.4215 29.0172 21.4709 
42.1545 57.4891 58.6686 35.3412 52.8867 31.1448 5.3852 29.0689 37.7359 35.4401 15.2315 18.0 40.8044 21.9545 14.3178 32.45 33.6155 58.5235 53.1507 31.7648 26.4764 39.8497 50.2494 39.4081 45.2769 56.4358 51.0 17.2627 52.469 25.7099 36.1386 9.4868 54.5894 53.6004 16.2788 31.0483 32.7567 43.4166 24.0832 31.0644 50.636 53.4883 13.0 58.2409 27.313 50.6952 70.7248 56.7979 60.4152 39.8246 44.0454 53.0377 18.7883 23.6008 46.5296 41.0122 31.241 17.72 37.3631 51.0392 8.6023 0.0 34.8281 25.0 9.434 7.2111 43.2897 25.2389 25.2982 14.3178 
46.2385 24.1661 29.0689 43.1741 50.2195 19.4165 36.7967 29.8329 48.0521 20.8087 22.4722 27.2947 22.6716 16.2788 31.0483 4.0 9.8489 55.6058 43.8406 42.4264 27.0185 14.8661 16.5529 10.7703 10.8167 39.4462 55.9464 24.5153 36.0555 54.4059 22.2036 30.8058 26.0192 21.587 18.6011 20.6155 55.2268 29.6985 43.1856 30.3645 33.8378 29.1204 26.0768 54.8179 33.0606 26.2488 38.8973 59.5399 31.0644 8.544 12.0416 18.6011 19.6469 11.3137 31.241 32.2025 51.0392 51.6236 33.2415 20.0998 43.1856 34.8281 0.0 27.1662 44.2041 41.7732 30.4138 10.0 30.1496 23.0217 
21.2603 41.5933 38.9487 16.5529 29.5296 38.0132 30.0666 4.4721 21.1896 13.4536 12.53 7.0 18.4391 12.53 11.4018 27.8927 33.2415 35.3553 28.2843 15.2971 39.6989 40.1622 36.0555 24.0416 33.541 31.7805 31.241 8.544 27.8927 31.4006 13.4536 29.4109 34.7131 36.7151 18.4391 9.434 29.1204 18.9737 17.4642 6.3246 26.2488 31.4006 28.178 34.8855 43.8292 29.0689 51.7397 36.0694 40.3113 35.5106 29.4109 39.8497 11.3137 21.9545 22.1359 16.0312 24.5153 34.4819 50.2096 33.6155 32.3883 25.0 27.1662 0.0 31.0483 31.257 18.6815 23.7065 40.8044 26.0768 
44.7214 66.5282 67.1193 37.6563 56.3205 39.8121 10.0 34.5254 38.8973 42.9535 23.6008 24.3516 48.3322 30.6105 19.6469 41.8808 42.9535 61.6604 58.1378 33.7343 34.0 49.0408 59.397 48.2701 54.5619 62.8172 52.4976 24.5967 58.9406 20.2485 43.4626 17.1172 62.9682 62.482 25.6125 38.4838 29.7321 50.0 24.3516 36.4966 57.28 61.2699 21.587 61.5224 33.541 58.5918 79.404 58.5235 68.7968 49.2443 53.0754 62.2896 27.2029 33.0151 53.1601 46.8722 29.6816 9.0 44.2832 59.8164 3.6056 9.434 44.2041 31.0483 0.0 4.1231 49.7293 34.6699 32.1403 23.4094 
46.5725 64.6607 65.8635 39.5601 57.8705 36.1386 6.0828 35.0571 41.2311 42.3792 22.3607 24.3311 47.7598 29.1548 20.025 39.2046 39.8246 63.3482 59.0 35.7351 30.0167 45.6946 57.3847 46.6154 52.3259 62.9682 54.7814 24.0416 59.0339 24.1868 43.0116 13.3417 61.7738 60.803 23.3452 37.9473 33.2415 50.01 26.8328 37.054 57.2713 60.5392 18.0278 63.1506 29.4279 57.7754 77.9359 60.7454 67.6018 46.3249 51.225 60.1082 25.9422 30.4795 53.1507 47.2652 32.8024 13.0384 40.1995 58.2495 1.4142 7.2111 41.7732 31.257 4.1231 0.0 49.8197 32.0156 28.0713 20.1246 
21.3776 32.0156 25.2982 22.8254 20.6155 47.7074 48.0937 15.6525 27.313 10.2956 29.0172 25.4951 8.0623 24.7386 30.0832 33.3017 39.6989 25.5539 13.4536 25.0 52.3927 45.2769 29.6142 21.095 30.4631 13.1529 29.0689 26.0768 9.2195 47.634 8.9443 46.1736 21.587 27.0 32.7567 13.3417 42.0119 1.0 32.6497 13.8924 7.6158 15.6525 43.7379 24.6982 57.5847 14.5602 37.5766 31.0483 26.0 38.4187 24.6982 33.541 26.1725 32.2025 3.6056 4.4721 37.0135 52.8015 61.4003 24.0208 50.9902 43.2897 30.4138 18.6815 49.7293 49.8197 0.0 33.121 54.4243 41.0 
44.6542 34.0 37.855 40.2492 50.9313 14.8661 26.8701 27.4591 44.7772 22.8254 15.0 21.3776 26.5707 11.1803 24.0 7.2111 10.0499 56.6392 46.3249 38.6264 19.6469 17.1172 26.4197 18.1108 20.8087 44.2719 54.6443 18.2483 40.4969 46.6905 24.1868 20.8087 34.3657 31.0161 9.4868 20.6155 49.0918 32.6497 37.2156 28.6007 38.2753 36.0555 16.1245 55.9732 25.318 33.0606 48.4665 59.0339 39.8121 14.8661 21.1896 28.6007 13.3417 2.0 34.9285 33.6006 45.3982 42.4853 28.3019 29.1204 33.4215 25.2389 10.0 23.7065 34.6699 32.0156 33.121 0.0 22.2036 13.0384 
61.7171 53.6004 59.2115 55.8659 70.1783 13.0384 22.2036 45.2217 59.4643 44.2719 28.4253 35.3836 48.5077 29.9666 34.8281 26.1725 22.1359 76.0066 67.1193 53.0754 3.6056 24.4131 46.0977 40.0125 40.025 66.2193 71.5052 32.6497 62.3618 50.9608 45.5412 15.8114 56.0357 51.6236 22.4722 41.2311 57.6975 54.0833 47.7074 46.8722 60.1664 58.2151 13.6015 75.4718 3.1623 55.2268 68.6586 76.6942 61.2046 29.1548 42.19 47.1275 29.6816 22.561 56.6127 54.1295 55.5698 41.1096 12.1655 50.2494 29.0172 25.2982 30.1496 40.8044 32.1403 28.0713 54.4243 22.2036 0.0 14.8661 
46.8615 47.0106 50.2892 41.0122 55.5698 17.0 14.4222 30.5287 44.6878 31.257 13.6015 20.5183 36.0555 16.2788 20.2485 19.8494 19.7231 61.4003 53.1413 38.2884 14.4222 25.632 39.4462 30.3645 33.8378 53.4603 56.6392 17.8045 49.4975 39.1152 32.3883 7.8102 46.5725 43.8634 8.2462 27.6586 44.2719 40.7922 33.541 32.249 47.3814 47.2652 3.1623 60.9016 17.8045 44.2832 61.327 61.8466 52.2015 26.4008 34.0147 41.6173 15.2315 12.083 43.566 40.1622 41.6293 32.0156 25.5539 41.7852 21.4709 14.3178 23.0217 26.0768 23.4094 20.1246 41.0 13.0384 14.8661 0.0 
