30
0.0 11.0454 37.5366 18.6011 27.8029 19.4165 31.7805 13.0384 15.6525 27.5136 23.1948 29.4279 18.1108 27.2947 13.6015 34.6554 26.0 25.807 10.2956 24.6982 17.4642 18.0 24.4131 30.0167 14.5602 17.1172 14.7648 11.7047 4.1231 18.3576 
11.0454 0.0 30.4138 14.0 19.4165 11.1803 21.6333 16.9706 6.7082 25.0799 23.4094 18.4391 19.2354 23.0868 13.8924 27.2947 27.313 17.2047 10.0 14.4222 7.8102 20.2485 15.8114 20.5183 4.2426 6.0828 6.3246 12.2066 7.2801 9.434 
37.5366 30.4138 0.0 19.105 11.4018 19.2354 15.5242 30.0167 23.7065 16.1245 22.561 23.3452 25.0799 12.6491 25.807 3.1623 25.0799 13.6015 27.5862 19.105 22.8473 26.9258 14.8661 13.0384 26.4008 27.2029 24.1868 27.0185 35.805 21.0238 
18.6011 14.0 19.105 0.0 11.1803 6.4031 18.1108 12.1655 8.544 11.1803 11.3137 20.5913 9.4868 9.2195 7.2801 16.4012 15.5563 10.0 8.4853 13.4164 9.434 11.4018 9.0554 15.0 11.4018 14.3178 8.2462 8.0623 17.4642 7.8102 
27.8029 19.4165 11.4018 11.1803 0.0 8.4853 8.0623 23.3452 12.8062 15.8114 19.9249 13.8924 20.025 11.4018 18.4391 8.2462 23.7697 2.2361 18.7883 8.0623 11.6619 22.0227 3.6056 4.4721 15.2643 15.8114 13.4536 18.9737 25.4558 10.0 
19.4165 11.1803 19.2354 6.4031 8.4853 0.0 13.1529 17.1172 4.4721 16.5529 17.6918 14.3178 15.6525 13.3417 12.1655 16.1245 21.9317 6.4031 11.1803 7.2801 4.0 17.4642 5.0 10.7703 7.2801 9.0554 5.0 12.0 16.9706 2.0 
31.7805 21.6333 15.5242 18.1108 8.0623 13.1529 0.0 30.0 16.1555 23.8537 27.8568 8.0 27.4591 19.4165 25.0 13.0 31.7805 8.2462 24.3311 7.2111 14.3178 29.4279 9.0554 3.6056 17.4929 16.2788 17.088 25.0799 28.6531 13.6015 
13.0384 16.9706 30.0167 12.1655 23.3452 17.1172 30.0 0.0 16.1555 16.4012 10.7703 31.0483 5.831 17.8045 5.0 27.7308 13.0384 22.0907 7.2111 24.3311 18.0278 5.099 21.0238 27.074 17.4929 21.095 15.2315 5.3852 14.8661 17.4642 
15.6525 6.7082 23.7065 8.544 12.8062 4.4721 16.1555 16.1555 0.0 19.6469 19.4165 15.1327 16.2788 17.0294 11.6619 20.5913 23.6008 10.6301 9.2195 9.2195 2.0 17.8045 9.2195 14.4222 3.0 5.831 1.0 10.7703 12.8062 2.8284 
27.5136 25.0799 16.1245 11.1803 15.8114 16.5529 23.8537 16.4012 19.6469 0.0 6.7082 29.0 10.6301 4.4721 13.9284 15.0333 9.0 16.2788 17.4642 22.0227 20.2485 12.0416 16.2788 20.2485 22.561 25.2982 19.4165 15.8114 27.4591 18.3848 
23.1948 23.4094 22.561 11.3137 19.9249 17.6918 27.8568 10.7703 19.4165 6.7082 0.0 31.6228 5.099 10.0499 10.0499 21.095 4.2426 19.6977 14.1421 24.4131 20.6155 5.831 19.2354 24.3516 21.9545 25.2389 18.868 12.0416 24.0208 19.105 
29.4279 18.4391 23.3452 20.5913 13.8924 14.3178 8.0 31.0483 15.1327 29.0 31.6228 0.0 29.9666 24.8395 26.2488 20.6155 35.805 12.8062 24.3311 7.2111 13.1529 31.7805 12.7279 10.4403 15.0333 12.3693 16.1245 25.7099 25.7099 13.6015 
18.1108 19.2354 25.0799 9.4868 20.025 15.6525 27.4591 5.831 16.2788 10.6301 5.099 29.9666 0.0 12.53 5.3852 23.0868 8.2462 19.2354 9.4868 22.8473 17.8045 2.0 18.4391 24.1868 18.4391 21.9317 15.5563 7.2801 19.105 16.6433 
27.2947 23.0868 12.6491 9.2195 11.4018 13.3417 19.4165 17.8045 17.0294 4.4721 10.0499 24.8395 12.53 0.0 14.2127 11.0454 13.1529 12.0416 17.0 18.0278 17.2627 14.3178 12.2066 15.8114 20.025 22.3607 17.0 15.8114 26.5707 15.2971 
13.6015 13.8924 25.807 7.2801 18.4391 12.1655 25.0 5.0 11.6619 13.9284 10.0499 26.2488 5.3852 14.2127 0.0 23.3238 13.6015 17.1172 4.1231 19.4165 13.4164 6.4031 16.0312 22.0907 13.4536 17.0294 10.8167 2.0 14.0 12.6491 
34.6554 27.2947 3.1623 16.4012 8.2462 16.1245 13.0 27.7308 20.5913 15.0333 21.095 20.6155 23.0868 11.0454 23.3238 0.0 24.0208 10.4403 24.8395 16.0312 19.6977 25.0 11.7047 10.198 23.2594 24.0416 21.095 24.4131 32.8024 17.8885 
26.0 27.313 25.0799 15.5563 23.7697 21.9317 31.7805 13.0384 23.6008 9.0 4.2426 35.805 8.2462 13.1529 13.6015 24.0208 0.0 23.7065 17.72 28.6007 24.8395 8.0 23.3238 28.2312 26.0768 29.4109 23.0217 15.5242 27.2947 23.3452 
25.807 17.2047 13.6015 10.0 2.2361 6.4031 8.2462 22.0907 10.6301 16.2788 19.6977 12.8062 19.2354 12.0416 17.1172 10.4403 23.7065 0.0 17.088 6.3246 9.434 21.2132 1.4142 5.0 13.0384 13.6015 11.3137 17.4642 23.3452 7.8102 
10.2956 10.0 27.5862 8.4853 18.7883 11.1803 24.3311 7.2111 9.2195 17.4642 14.1421 24.3311 9.4868 17.0 4.1231 24.8395 17.72 17.088 0.0 18.0 11.1803 10.2956 15.8114 21.8403 10.2956 13.8924 8.2462 2.2361 10.0499 11.0 
24.6982 14.4222 19.105 13.4164 8.0623 7.2801 7.2111 24.3311 9.2195 22.0227 24.4131 7.2111 22.8473 18.0278 19.4165 16.0312 28.6007 6.3246 18.0 0.0 7.2801 24.6982 5.831 6.7082 10.2956 9.2195 10.198 19.105 21.4709 7.0 
17.4642 7.8102 22.8473 9.434 11.6619 4.0 14.3178 18.0278 2.0 20.2485 20.6155 13.1529 17.8045 17.2627 13.4164 19.6977 24.8395 9.434 11.1803 7.2801 0.0 19.4165 8.0623 12.8062 3.6056 5.099 3.0 12.6491 14.4222 2.0 
18.0 20.2485 26.9258 11.4018 22.0227 17.4642 29.4279 5.099 17.8045 12.0416 5.831 31.7805 2.0 14.3178 6.4031 25.0 8.0 21.2132 10.2956 24.6982 19.4165 0.0 20.3961 26.1725 19.799 23.3452 17.0294 8.0623 19.4165 18.3576 
24.4131 15.8114 14.8661 9.0554 3.6056 5.0 9.0554 21.0238 9.2195 16.2788 19.2354 12.7279 18.4391 12.2066 16.0312 11.7047 23.3238 1.4142 15.8114 5.831 8.0623 20.3961 0.0 6.0828 11.6619 12.3693 9.8995 16.2788 21.9317 6.4031 
30.0167 20.5183 13.0384 15.0 4.4721 10.7703 3.6056 27.074 14.4222 20.2485 24.3516 10.4403 24.1868 15.8114 22.0907 10.198 28.2312 5.0 21.8403 6.7082 12.8062 26.1725 6.0828 0.0 16.2788 15.8114 15.2643 22.3607 27.2029 11.6619 
14.5602 4.2426 26.4008 11.4018 15.2643 7.2801 17.4929 17.4929 3.0 22.561 21.9545 15.0333 18.4391 20.025 13.4536 23.2594 26.0768 13.0384 10.2956 10.2956 3.6056 19.799 11.6619 16.2788 0.0 3.6056 3.1623 12.2066 11.1803 5.3852 
17.1172 6.0828 27.2029 14.3178 15.8114 9.0554 16.2788 21.095 5.831 25.2982 25.2389 12.3693 21.9317 22.3607 17.0294 24.0416 29.4109 13.6015 13.8924 9.2195 5.099 23.3452 12.3693 15.8114 3.6056 0.0 6.4031 15.8114 13.3417 7.0711 
14.7648 6.3246 24.1868 8.2462 13.4536 5.0 17.088 15.2315 1.0 19.4165 18.868 16.1245 15.5563 17.0 10.8167 21.095 23.0217 11.3137 8.2462 10.198 3.0 17.0294 9.8995 15.2643 3.1623 6.4031 0.0 9.8489 12.0416 3.6056 
11.7047 12.2066 27.0185 8.0623 18.9737 12.0 25.0799 5.3852 10.7703 15.8114 12.0416 25.7099 7.2801 15.8114 2.0 24.4131 15.5242 17.4642 2.2361 19.105 12.6491 8.0623 16.2788 22.3607 12.2066 15.8114 9.8489 0.0 12.0 12.1655 
4.1231 7.2801 35.805 17.4642 25.4558 16.9706 28.6531 14.8661 12.8062 27.4591 24.0208 25.7099 19.105 26.5707 14.0 32.8024 27.2947 23.3452 10.0499 21.4709 14.4222 19.4165 21.9317 27.2029 11.1803 13.3417 12.0416 12.0 0.0 15.6205 
18.3576 9.434 21.0238 7.8102 10.0 2.0 13.6015 17.4642 2.8284 18.3848 19.105 13.6015 16.6433 15.2971 12.6491 17.8885 23.3452 7.8102 11.0 7.0 2.0 18.3576 6.4031 11.6619 5.3852 7.0711 3.6056 12.1655 15.6205 0.0 
