30
0.0 15.5242 12.3693 20.1246 8.6023 14.3178 11.7047 6.7082 5.6569 9.2195 15.6525 5.0 13.6015 2.0 7.2801 14.3178 11.1803 17.0 10.0499 9.434 15.0 14.0357 5.0 16.1555 10.0499 5.0 11.0454 14.5602 9.8489 11.6619 
15.5242 0.0 19.6977 27.7849 23.7697 29.8329 13.0384 20.5913 11.0 23.7065 31.0161 18.0 5.6569 17.4642 8.2462 15.6205 26.0768 4.0 5.831 15.6205 5.831 18.868 10.7703 14.2127 15.2315 15.0333 15.6525 14.8661 24.0 26.9258 
12.3693 19.6977 0.0 8.4853 17.4642 18.6011 7.0711 18.0 10.6301 19.2354 21.9545 8.0 14.5602 12.0416 14.1421 6.3246 12.8062 18.4391 17.0294 21.5407 15.2971 2.8284 14.4222 9.4868 4.4721 7.6158 4.1231 7.2801 10.0 19.3132 
20.1246 27.7849 8.4853 0.0 23.0868 21.587 14.7648 24.7386 19.105 25.1794 25.4951 15.2315 22.3607 19.3132 22.6274 12.6491 16.1245 26.0 25.4951 29.5296 22.8473 8.9443 22.8035 15.2971 12.8062 15.8114 12.2066 13.6015 14.0 24.0208 
8.6023 23.7697 17.4642 23.0868 0.0 7.2801 19.4165 4.1231 14.2127 2.2361 7.2801 9.8489 22.2036 7.0711 15.6525 21.4709 8.0623 25.5539 18.0278 12.3693 23.6008 19.9249 13.0 23.8537 17.0 12.2066 17.8885 21.9545 9.2195 3.1623 
14.3178 29.8329 18.6011 21.587 7.2801 0.0 22.8035 11.4018 19.3132 8.9443 4.0 13.0384 27.313 12.3693 21.587 24.0416 5.831 31.0161 24.3311 19.6469 28.6356 21.4009 19.2354 26.9072 19.8494 16.1245 20.5183 24.7588 8.6023 5.0 
11.7047 13.0384 7.0711 14.7648 19.4165 22.8035 0.0 18.3848 7.0 20.5913 25.4558 9.8995 7.6158 12.53 9.4868 3.1623 17.4929 11.4018 11.6619 19.0263 8.2462 5.831 11.0454 4.4721 3.1623 7.2111 3.0 3.0 14.7648 22.0227 
6.7082 20.5913 18.0 24.7386 4.1231 11.4018 18.3848 0.0 12.2066 3.1623 11.0454 10.0 19.799 6.0828 12.8062 20.8806 11.3137 22.8035 14.7648 8.2462 21.2132 20.0998 10.0 22.8473 16.4924 11.4018 17.4642 21.1896 11.6619 7.0 
5.6569 11.0 10.6301 19.105 14.2127 19.3132 7.0 12.2066 0.0 14.8661 21.095 7.0 8.0623 7.2111 3.6056 10.0499 15.1327 11.7047 6.7082 12.0416 9.434 11.1803 4.1231 11.1803 6.7082 4.1231 7.6158 10.0 13.0 17.2047 
9.2195 23.7065 19.2354 25.1794 2.2361 8.9443 20.5913 3.1623 14.8661 0.0 8.0 11.4018 22.6716 8.0623 15.8114 22.8473 10.2956 25.807 17.8885 11.0454 24.0832 21.587 13.0384 25.0599 18.3848 13.4164 19.3132 23.2594 11.4018 4.1231 
15.6525 31.0161 21.9545 25.4951 7.2801 4.0 25.4558 11.0454 21.095 8.0 0.0 15.5563 29.1548 13.8924 22.8473 27.0185 9.4868 32.6497 25.2982 19.0263 30.5287 24.6982 20.2485 29.7321 22.6716 18.4391 23.4307 27.6586 12.083 4.1231 
5.0 18.0 8.0 15.2315 9.8489 13.0384 9.8995 10.0 7.0 11.4018 15.5563 0.0 14.5602 4.1231 10.198 11.6619 8.2462 18.4391 13.3417 14.4222 15.8114 10.198 8.9443 14.2127 7.2111 3.1623 8.0623 12.2066 6.0 12.2066 
13.6015 5.6569 14.5602 22.3607 22.2036 27.313 7.6158 19.799 8.0623 22.6716 29.1548 14.5602 0.0 15.2643 7.2111 10.0 22.8035 4.0 7.0711 17.088 1.4142 13.4164 10.0 8.6023 10.198 11.4018 10.4403 9.2195 20.3961 25.2389 
2.0 17.4642 12.0416 19.3132 7.0711 12.3693 12.53 6.0828 7.2111 8.0623 13.8924 4.1231 15.2643 0.0 9.2195 14.8661 9.2195 18.7883 12.0416 10.6301 16.6433 14.0357 7.0 17.0 10.4403 5.3852 11.4018 15.2315 8.0623 10.0 
7.2801 8.2462 14.1421 22.6274 15.6525 21.587 9.4868 12.8062 3.6056 15.8114 22.8473 10.198 7.2111 9.2195 0.0 12.6491 18.0 10.0 3.1623 10.198 8.6023 14.4222 2.8284 13.0384 10.0 7.6158 10.8167 12.3693 16.1245 18.7883 
14.3178 15.6205 6.3246 12.6491 21.4709 24.0416 3.1623 20.8806 10.0499 22.8473 27.0185 11.6619 10.0 14.8661 12.6491 0.0 18.4391 13.4164 14.7648 22.0907 10.2956 4.0 14.1421 3.1623 4.4721 9.4868 3.6056 1.0 15.6205 23.8537 
11.1803 26.0768 12.8062 16.1245 8.0623 5.831 17.4929 11.3137 15.1327 10.2956 9.4868 8.2462 22.8035 9.2195 18.0 18.4391 0.0 26.6833 21.0238 18.868 24.0416 15.6205 16.1245 21.4009 14.4222 11.4018 15.0 19.2094 2.8284 8.0623 
17.0 4.0 18.4391 26.0 25.5539 31.0161 11.4018 22.8035 11.7047 25.807 32.6497 18.4391 4.0 18.7883 10.0 13.4164 26.6833 0.0 8.6023 18.868 3.1623 17.088 12.8062 11.4018 14.1421 15.2971 14.3178 12.53 24.3311 28.6531 
10.0499 5.831 17.0294 25.4951 18.0278 24.3311 11.6619 14.7648 6.7082 17.8885 25.2982 13.3417 7.0711 12.0416 3.1623 14.7648 21.0238 8.6023 0.0 10.2956 8.2462 17.0294 5.099 14.5602 12.7279 10.7703 13.4536 14.3178 19.2354 21.1896 
9.434 15.6205 21.5407 29.5296 12.3693 19.6469 19.0263 8.2462 12.0416 11.0454 19.0263 14.4222 17.088 10.6301 10.198 22.0907 18.868 18.868 10.2956 0.0 18.3848 22.8035 8.0 23.0217 18.4391 13.9284 19.4165 22.0227 18.4391 15.1327 
15.0 5.831 15.2971 22.8473 23.6008 28.6356 8.2462 21.2132 9.434 24.0832 30.5287 15.8114 1.4142 16.6433 8.6023 10.2956 24.0416 3.1623 8.2462 18.3848 0.0 13.9284 11.4018 8.4853 11.0454 12.6491 11.1803 9.434 21.587 26.6271 
14.0357 18.868 2.8284 8.9443 19.9249 21.4009 5.831 20.0998 11.1803 21.587 24.6982 10.198 13.4164 14.0357 14.4222 4.0 15.6205 17.088 17.0294 22.8035 13.9284 0.0 15.2315 7.0711 4.4721 9.0554 3.6056 5.0 12.8062 21.9317 
5.0 10.7703 14.4222 22.8035 13.0 19.2354 11.0454 10.0 4.1231 13.0384 20.2485 8.9443 10.0 7.0 2.8284 14.1421 16.1245 12.8062 5.099 8.0 11.4018 15.2315 0.0 15.0333 10.7703 7.0711 11.7047 14.0357 14.5602 16.1555 
16.1555 14.2127 9.4868 15.2971 23.8537 26.9072 4.4721 22.8473 11.1803 25.0599 29.7321 14.2127 8.6023 17.0 13.0384 3.1623 21.4009 11.4018 14.5602 23.0217 8.4853 7.0711 15.0333 0.0 7.0711 11.6619 6.4031 2.2361 18.6011 26.4008 
10.0499 15.2315 4.4721 12.8062 17.0 19.8494 3.1623 16.4924 6.7082 18.3848 22.6716 7.2111 10.198 10.4403 10.0 4.4721 14.4222 14.1421 12.7279 18.4391 11.0454 4.4721 10.7703 7.0711 0.0 5.099 1.0 5.0 11.6619 19.4165 
5.0 15.0333 7.6158 15.8114 12.2066 16.1245 7.2111 11.4018 4.1231 13.4164 18.4391 3.1623 11.4018 5.3852 7.6158 9.4868 11.4018 15.2971 10.7703 13.9284 12.6491 9.0554 7.0711 11.6619 5.099 0.0 6.0828 9.8489 9.0554 14.8661 
11.0454 15.6525 4.1231 12.2066 17.8885 20.5183 3.0 17.4642 7.6158 19.3132 23.4307 8.0623 10.4403 11.4018 10.8167 3.6056 15.0 14.3178 13.4536 19.4165 11.1803 3.6056 11.7047 6.4031 1.0 6.0828 0.0 4.2426 12.2066 20.2485 
14.5602 14.8661 7.2801 13.6015 21.9545 24.7588 3.0 21.1896 10.0 23.2594 27.6586 12.2066 9.2195 15.2315 12.3693 1.0 19.2094 12.53 14.3178 22.0227 9.434 5.0 14.0357 2.2361 5.0 9.8489 4.2426 0.0 16.4012 24.4131 
9.8489 24.0 10.0 14.0 9.2195 8.6023 14.7648 11.6619 13.0 11.4018 12.083 6.0 20.3961 8.0623 16.1245 15.6205 2.8284 24.3311 19.2354 18.4391 21.587 12.8062 14.5602 18.6011 11.6619 9.0554 12.2066 16.4012 0.0 10.0499 
11.6619 26.9258 19.3132 24.0208 3.1623 5.0 22.0227 7.0 17.2047 4.1231 4.1231 12.2066 25.2389 10.0 18.7883 23.8537 8.0623 28.6531 21.1896 15.1327 26.6271 21.9317 16.1555 26.4008 19.4165 14.8661 20.2485 24.4131 10.0499 0.0 
