40
0.0 18.3848 27.2029 5.0 11.7047 9.2195 26.0 28.6356 18.2483 22.0227 21.587 2.8284 15.8114 29.2062 14.3178 22.3607 26.1725 18.3576 8.2462 4.4721 12.2066 11.1803 27.8029 21.587 1.0 7.0711 20.6155 22.4722 19.4165 26.2488 4.2426 17.0 15.2971 19.2094 25.318 18.4391 20.025 17.72 8.0623 5.0 
18.3848 0.0 31.4006 16.4012 21.3776 26.4764 18.3848 31.1448 22.8254 32.573 4.4721 15.8114 12.1655 12.53 30.0167 19.8494 27.5862 36.6742 26.5707 19.2354 27.0 13.8924 37.1618 26.0768 19.3132 24.7386 3.6056 15.5242 24.1868 30.8058 14.5602 2.2361 4.4721 9.434 22.2036 3.1623 8.544 24.1661 25.2389 20.2237 
27.2029 31.4006 0.0 31.3847 15.5242 24.0208 18.1108 2.8284 9.434 10.8167 35.805 26.0 38.6005 32.0156 20.6155 12.6491 5.0 35.9026 28.0 22.8035 19.105 35.8469 9.8489 5.831 26.9258 25.02 35.0 44.6878 8.0623 1.0 25.4951 29.2062 32.5269 22.8254 12.0416 34.0588 38.8973 9.4868 33.2415 22.561 
5.0 16.4012 31.3847 0.0 16.1245 13.9284 27.6586 32.573 22.1359 26.9072 18.7883 5.3852 11.1803 28.3196 19.2354 25.0 29.8329 20.8806 12.0416 9.2195 17.2047 6.3246 32.6497 25.632 5.831 11.7047 17.8885 17.72 23.4094 30.4631 6.0828 15.5563 12.53 19.6977 28.0 15.6525 16.1245 21.9317 8.9443 9.8995 
11.7047 21.3776 15.5242 16.1245 0.0 10.2956 19.105 17.1172 7.0711 11.6619 25.7099 10.8167 24.8395 27.8927 10.2956 13.6015 15.0333 23.3238 13.6015 7.2801 7.2111 21.2603 17.0294 10.0499 11.4018 10.4403 24.7386 31.4006 8.0 14.5602 10.6301 19.2354 20.6155 16.4924 16.1245 23.0868 26.8328 6.0828 18.0 7.0711 
9.2195 26.4764 24.0208 13.9284 10.2956 0.0 29.0689 26.1725 17.088 15.8114 30.1496 11.0 25.0 35.7771 5.6569 23.8537 24.7386 13.0384 4.1231 7.2801 5.099 20.2485 21.5407 19.4165 8.2462 2.2361 29.1548 31.6228 17.72 23.0217 12.0416 24.7386 24.0208 24.6982 26.4197 27.074 29.1548 15.5242 10.2956 6.3246 
26.0 18.3848 18.1108 27.6586 19.105 29.0689 0.0 16.4924 14.3178 25.0 21.9545 23.4094 29.4279 14.3178 29.2062 6.3246 13.1529 42.0119 31.6228 23.3238 26.2488 29.0 27.074 15.2971 26.4008 28.6007 21.4709 33.8378 14.8661 18.0278 22.1359 16.7631 21.587 9.2195 6.0828 21.5407 26.9258 16.5529 34.0147 23.8537 
28.6356 31.1448 2.8284 32.573 17.1172 26.1725 16.4924 0.0 10.4403 13.6015 35.4683 27.2029 39.1152 30.6757 23.0868 11.6619 3.6056 38.3275 30.0666 24.3311 21.3776 36.6742 12.53 7.0711 28.4429 27.0185 34.7131 45.0 9.2195 3.6056 26.5707 29.0 32.6497 22.2036 10.4403 33.9411 38.9487 11.0454 35.0571 24.1868 
18.2483 22.8254 9.434 22.1359 7.0711 17.088 14.3178 10.4403 0.0 11.0454 27.2947 16.7631 29.2062 26.0 15.6205 8.0623 8.0 29.9666 20.6155 14.0357 13.0384 26.4197 14.5602 3.6056 18.1108 17.4642 26.4197 35.3836 1.4142 8.6023 16.1555 20.5913 23.4307 15.2971 9.8995 25.2389 29.8329 2.2361 25.02 14.0 
22.0227 32.573 10.8167 26.9072 11.6619 15.8114 25.0 13.6015 11.0454 0.0 37.0 21.9317 36.4005 37.0135 11.0454 18.6815 14.2127 26.0768 19.9249 17.6918 10.7703 32.5576 5.831 9.8489 21.4009 17.4642 36.0555 43.0116 10.198 10.0 22.0227 30.3645 32.2025 26.0768 19.6977 34.5398 38.4708 9.0 26.0 17.0294 
21.587 4.4721 35.805 18.7883 25.7099 30.1496 21.9545 35.4683 27.2947 37.0 0.0 19.2354 11.6619 13.1529 34.0147 24.0416 31.8904 39.5601 29.8329 23.0217 31.0644 14.8661 41.6293 30.5287 22.561 28.2843 1.0 13.0 28.6531 35.2278 18.1108 6.7082 6.3246 13.4536 26.2488 3.1623 6.0828 28.6356 27.7308 24.0208 
2.8284 15.8114 26.0 5.3852 10.8167 11.0 23.4094 27.2029 16.7631 21.9317 19.2354 0.0 14.7648 26.4008 15.5242 20.0998 24.5153 21.095 10.7703 4.4721 13.0 10.6301 27.5862 20.2485 3.6056 9.0554 18.2483 21.4709 18.0278 25.0799 1.4142 14.3178 13.0384 16.4012 23.0868 16.1245 18.2483 16.5529 10.8167 5.3852 
15.8114 12.1655 38.6005 11.1803 24.8395 25.0 29.4279 39.1152 29.2062 36.4005 11.6619 14.7648 0.0 24.3516 30.0832 29.1548 35.8469 31.257 23.1948 19.2354 27.7308 5.0 41.8688 32.8024 16.7631 22.8035 11.1803 6.7082 30.6105 37.8021 14.4222 13.0 8.0 20.2237 31.9531 9.4868 6.4031 29.7321 19.105 20.1246 
29.2062 12.53 32.0156 28.3196 27.8927 35.7771 14.3178 30.6757 26.0 37.0135 13.1529 26.4008 24.3516 0.0 37.9473 19.4165 27.2029 47.4342 36.8917 28.6531 34.7851 26.4197 40.1995 28.1603 30.0 34.4819 13.3417 26.0768 27.0185 31.7805 25.0 12.8062 17.0 11.4018 20.2485 14.8661 19.2354 28.0179 36.7967 29.5296 
14.3178 30.0167 20.6155 19.2354 10.2956 5.6569 29.2062 23.0868 15.6205 11.0454 34.0147 15.5242 30.0832 37.9473 0.0 23.3452 22.3607 15.2971 9.434 11.1803 3.1623 25.4951 16.4924 17.0 13.4164 7.8102 33.0151 36.7696 15.8114 19.6469 16.2788 28.0713 28.1603 26.5707 25.4951 31.0644 33.7343 13.6015 15.8114 10.198 
22.3607 19.8494 12.6491 25.0 13.6015 23.8537 6.3246 11.6619 8.0623 18.6815 24.0416 20.0998 29.1548 19.4165 23.3452 0.0 8.0623 36.8917 26.8328 18.9737 20.5183 27.6586 21.0 9.0554 22.561 23.7065 23.3452 34.4819 8.544 12.3693 19.0263 17.8045 21.9545 10.6301 3.0 22.8035 28.0179 10.2956 30.0832 19.3132 
26.1725 27.5862 5.0 29.8329 15.0333 24.7386 13.1529 3.6056 8.0 14.2127 31.8904 24.5153 35.8469 27.2029 22.3607 8.0623 0.0 37.3363 28.4429 22.0227 20.2485 33.6155 14.5602 5.3852 26.0768 25.318 31.1448 41.6173 7.0711 5.099 23.7697 25.4558 29.2062 18.6011 7.0711 30.4138 35.4683 9.2195 33.0151 22.0 
18.3576 36.6742 35.9026 20.8806 23.3238 13.0384 42.0119 38.3275 29.9666 26.0768 39.5601 21.095 31.257 47.4342 15.2971 36.8917 37.3363 0.0 10.6301 19.105 17.088 26.3059 31.0161 31.9531 17.4929 13.4536 38.6264 37.0135 30.4631 34.9285 22.4722 35.3553 33.2415 36.8782 39.4462 36.4005 36.8782 28.2312 12.1655 18.3848 
8.2462 26.5707 28.0 12.0416 13.6015 4.1231 31.6228 30.0666 20.6155 19.9249 29.8329 10.7703 23.1948 36.8917 9.434 26.8328 28.4429 10.6301 0.0 8.4853 9.2195 18.2483 25.632 23.1948 7.2801 3.1623 28.8617 29.6142 21.3776 27.0 12.083 25.0799 23.5372 26.2488 29.5466 26.6833 28.0179 19.2354 6.4031 7.8102 
4.4721 19.2354 22.8035 9.2195 7.2801 7.2801 23.3238 24.3311 14.0357 17.6918 23.0217 4.4721 19.2354 28.6531 11.1803 18.9737 22.0227 19.105 8.4853 0.0 8.544 15.0 23.4307 17.2627 4.1231 5.831 22.0227 25.9422 15.1327 21.8403 5.099 17.4642 17.0294 17.8045 21.8403 20.0 22.561 13.3417 11.1803 1.0 
12.2066 27.0 19.105 17.2047 7.2111 5.099 26.2488 21.3776 13.0384 10.7703 31.0644 13.0 27.7308 34.7851 3.1623 20.5183 20.2485 17.088 9.2195 8.544 0.0 23.3238 16.5529 14.8661 11.4018 6.7082 30.0666 34.4384 13.4164 18.1108 13.6015 25.02 25.318 23.4094 22.8035 28.1603 31.0483 11.1803 15.2315 7.6158 
11.1803 13.8924 35.8469 6.3246 21.2603 20.2485 29.0 36.6742 26.4197 32.5576 14.8661 10.6301 5.0 26.4197 25.4951 27.6586 33.6155 26.3059 18.2483 15.0 23.3238 0.0 38.1838 30.0167 12.083 18.0278 14.1421 11.4018 27.7849 34.9857 10.6301 13.9284 9.434 20.0998 30.5941 12.0416 10.7703 26.6271 14.1421 15.8114 
27.8029 37.1618 9.8489 32.6497 17.0294 21.5407 27.074 12.53 14.5602 5.831 41.6293 27.5862 41.8688 40.1995 16.4924 21.0 14.5602 31.0161 25.632 23.4307 16.5529 38.1838 0.0 12.0416 27.2029 23.2594 40.7185 48.4149 13.3417 9.4868 27.5862 34.9285 37.2156 29.8329 21.2132 39.3573 43.566 13.0 31.7805 22.8035 
21.587 26.0768 5.831 25.632 10.0499 19.4165 15.2971 7.0711 3.6056 9.8489 30.5287 20.2485 32.8024 28.1603 17.0 9.0554 5.3852 31.9531 23.1948 17.2627 14.8661 30.0167 12.0416 0.0 21.3776 20.0998 29.6816 38.9487 2.2361 5.0 19.6977 23.8537 26.9072 18.0278 9.8489 28.6007 33.3017 4.0 28.0179 17.1172 
1.0 19.3132 26.9258 5.831 11.4018 8.2462 26.4008 28.4429 18.1108 21.4009 22.561 3.6056 16.7631 30.0 13.4164 22.561 26.0768 17.4929 7.2801 4.1231 11.4018 12.083 27.2029 21.3776 0.0 6.0828 21.587 23.4094 19.2354 25.9615 5.0 17.8885 16.2788 19.8494 25.4951 19.4165 21.0238 17.4642 7.6158 4.4721 
7.0711 24.7386 25.02 11.7047 10.4403 2.2361 28.6007 27.0185 17.4642 17.4642 28.2843 9.0554 22.8035 34.4819 7.8102 23.7065 25.318 13.4536 3.1623 5.831 6.7082 18.0278 23.2594 20.0998 6.0828 0.0 27.2947 29.4109 18.2483 24.0208 10.198 23.0868 22.0907 23.6008 26.4008 25.1794 27.074 16.1245 8.544 5.0 
20.6155 3.6056 35.0 17.8885 24.7386 29.1548 21.4709 34.7131 26.4197 36.0555 1.0 18.2483 11.1803 13.3417 33.0151 23.3452 31.1448 38.6264 28.8617 22.0227 30.0666 14.1421 40.7185 29.6816 21.587 27.2947 0.0 13.0384 27.7849 34.4093 17.1172 5.831 5.3852 12.8062 25.6125 2.2361 6.0 27.7308 26.8328 23.0217 
22.4722 15.5242 44.6878 17.72 31.4006 31.6228 33.8378 45.0 35.3836 43.0116 13.0 21.4709 6.7082 26.0768 36.7696 34.4819 41.6173 37.0135 29.6142 25.9422 34.4384 11.4018 48.4149 38.9487 23.4094 29.4109 13.0384 0.0 36.7967 43.9318 21.095 17.088 12.53 24.6982 37.1214 12.3693 7.0711 36.0694 25.02 26.8328 
19.4165 24.1868 8.0623 23.4094 8.0 17.72 14.8661 9.2195 1.4142 10.198 28.6531 18.0278 30.6105 27.0185 15.8114 8.544 7.0711 30.4631 21.3776 15.1327 13.4164 27.7849 13.3417 2.2361 19.2354 18.2483 27.7849 36.7967 0.0 7.2111 17.4642 21.9545 24.8395 16.4924 10.0 26.6271 31.241 2.2361 26.0 15.0333 
26.2488 30.8058 1.0 30.4631 14.5602 23.0217 18.0278 3.6056 8.6023 10.0 35.2278 25.0799 37.8021 31.7805 19.6469 12.3693 5.099 34.9285 27.0 21.8403 18.1108 34.9857 9.4868 5.0 25.9615 24.0208 34.4093 43.9318 7.2111 0.0 24.5967 28.6007 31.8277 22.3607 12.0 33.4215 38.2099 8.544 32.249 21.587 
4.2426 14.5602 25.4951 6.0828 10.6301 12.0416 22.1359 26.5707 16.1555 22.0227 18.1108 1.4142 14.4222 25.0 16.2788 19.0263 23.7697 22.4722 12.083 5.099 13.6015 10.6301 27.5862 19.6977 5.0 10.198 17.1172 21.095 17.4642 24.5967 0.0 13.0 12.0 15.0 22.0227 15.0333 17.4642 16.1245 12.2066 6.0828 
17.0 2.2361 29.2062 15.5563 19.2354 24.7386 16.7631 29.0 20.5913 30.3645 6.7082 14.3178 13.0 12.8062 28.0713 17.8045 25.4558 35.3553 25.0799 17.4642 25.02 13.9284 34.9285 23.8537 17.8885 23.0868 5.831 17.088 21.9545 28.6007 13.0 0.0 5.0 7.6158 20.2485 5.0 10.2956 21.9317 24.2074 18.4391 
15.2971 4.4721 32.5269 12.53 20.6155 24.0208 21.587 32.6497 23.4307 32.2025 6.3246 13.0384 8.0 17.0 28.1603 21.9545 29.2062 33.2415 23.5372 17.0294 25.318 9.434 37.2156 26.9072 16.2788 22.0907 5.3852 12.53 24.8395 31.8277 12.0 5.0 0.0 12.3693 24.5967 3.1623 6.4031 24.4131 21.4709 18.0278 
19.2094 9.434 22.8254 19.6977 16.4924 24.6982 9.2195 22.2036 15.2971 26.0768 13.4536 16.4012 20.2237 11.4018 26.5707 10.6301 18.6011 36.8782 26.2488 17.8045 23.4094 20.0998 29.8329 18.0278 19.8494 23.6008 12.8062 24.6982 16.4924 22.3607 15.0 7.6158 12.3693 0.0 12.8062 12.53 17.8885 17.1172 27.2029 18.6011 
25.318 22.2036 12.0416 28.0 16.1245 26.4197 6.0828 10.4403 9.8995 19.6977 26.2488 23.0868 31.9531 20.2485 25.4951 3.0 7.0711 39.4462 29.5466 21.8403 22.8035 30.5941 21.2132 9.8489 25.4951 26.4008 25.6125 37.1214 10.0 12.0 22.0227 20.2485 24.5967 12.8062 0.0 25.2389 30.5287 12.0416 32.9848 22.1359 
18.4391 3.1623 34.0588 15.6525 23.0868 27.074 21.5407 33.9411 25.2389 34.5398 3.1623 16.1245 9.4868 14.8661 31.0644 22.8035 30.4138 36.4005 26.6833 20.0 28.1603 12.0416 39.3573 28.6007 19.4165 25.1794 2.2361 12.3693 26.6271 33.4215 15.0333 5.0 3.1623 12.53 25.2389 0.0 5.3852 26.4197 24.5967 21.0 
20.025 8.544 38.8973 16.1245 26.8328 29.1548 26.9258 38.9487 29.8329 38.4708 6.0828 18.2483 6.4031 19.2354 33.7343 28.0179 35.4683 36.8782 28.0179 22.561 31.0483 10.7703 43.566 33.3017 21.0238 27.074 6.0 7.0711 31.241 38.2099 17.4642 10.2956 6.4031 17.8885 30.5287 5.3852 0.0 30.8058 24.7386 23.5372 
17.72 24.1661 9.4868 21.9317 6.0828 15.5242 16.5529 11.0454 2.2361 9.0 28.6356 16.5529 29.7321 28.0179 13.6015 10.2956 9.2195 28.2312 19.2354 13.3417 11.1803 26.6271 13.0 4.0 17.4642 16.1245 27.7308 36.0694 2.2361 8.544 16.1245 21.9317 24.4131 17.1172 12.0416 26.4197 30.8058 0.0 24.0208 13.1529 
8.0623 25.2389 33.2415 8.9443 18.0 10.2956 34.0147 35.0571 25.02 26.0 27.7308 10.8167 19.105 36.7967 15.8114 30.0832 33.0151 12.1655 6.4031 11.1803 15.2315 14.1421 31.7805 28.0179 7.6158 8.544 26.8328 25.02 26.0 32.249 12.2066 24.2074 21.4709 27.2029 32.9848 24.5967 24.7386 24.0208 0.0 11.0454 
5.0 20.2237 22.561 9.8995 7.0711 6.3246 23.8537 24.1868 14.0 17.0294 24.0208 5.3852 20.1246 29.5296 10.198 19.3132 22.0 18.3848 7.8102 1.0 7.6158 15.8114 22.8035 17.1172 4.4721 5.0 23.0217 26.8328 15.0333 21.587 6.0828 18.4391 18.0278 18.6011 22.1359 21.0 23.5372 13.1529 11.0454 0.0 
