30
0.0 13.9284 15.6525 21.095 26.4008 10.198 18.0278 15.2315 10.0499 11.7047 17.1172 10.6301 7.0711 7.0 16.4924 7.6158 14.5602 25.2389 18.6011 14.3178 20.6155 17.6918 13.6015 4.0 9.2195 22.0907 11.1803 10.0499 19.6977 11.4018 
13.9284 0.0 27.5862 7.8102 22.4722 12.083 25.9422 11.0454 14.8661 10.8167 24.5967 6.7082 16.9706 13.1529 3.1623 20.0 1.4142 20.6155 16.1245 11.0 12.2066 17.0 1.0 13.0384 22.8254 9.4868 23.4307 5.0 5.831 7.2111 
15.6525 27.5862 0.0 35.3553 28.0713 25.632 8.9443 22.4722 24.7386 27.313 9.4868 26.0768 10.6301 22.1359 29.2062 8.0623 27.6586 28.0 22.2036 21.5407 28.4605 20.0998 26.9072 19.3132 8.0 33.121 4.4721 22.6716 33.3017 26.9258 
21.095 7.8102 35.3553 0.0 27.1662 16.0312 33.6155 17.4642 19.0263 14.0 32.249 11.4018 24.7588 18.4391 7.2801 27.6586 8.0623 25.1794 22.2036 17.72 16.1245 23.5372 8.6023 19.3132 30.2324 9.8489 31.1448 12.8062 3.0 11.1803 
26.4008 22.4722 28.0713 27.1662 0.0 32.2025 20.0998 12.2066 34.0588 31.9061 19.0263 27.7849 21.9317 31.1448 20.6155 25.632 21.1896 2.0 7.8102 12.8062 11.0454 8.9443 21.5407 29.0 29.7321 18.0278 26.6833 20.2485 24.1868 28.6531 
10.198 12.083 25.632 16.0312 32.2025 0.0 28.0179 20.0 3.0 2.2361 27.0 5.3852 17.0294 3.6056 15.2315 17.72 13.4164 30.6105 24.6982 19.4165 23.4307 24.5967 12.53 6.3246 18.3576 21.5407 21.1896 12.0416 16.1245 5.099 
18.0278 25.9422 8.9443 33.6155 20.0998 28.0179 0.0 17.6918 28.0713 29.1548 1.4142 26.6833 11.0 25.02 26.6271 11.7047 25.5539 20.3961 15.6525 16.9706 23.0217 13.4164 25.0599 22.0227 14.4222 29.0 10.0 21.0238 31.0644 27.6586 
15.2315 11.0454 22.4722 17.4642 12.2066 20.0 17.6918 0.0 21.9317 19.7231 16.2788 15.6525 13.0384 19.105 10.198 17.0294 10.0 10.6301 5.099 1.0 6.0828 6.0828 10.0499 17.2047 21.0 11.3137 19.4165 8.0623 14.5602 16.5529 
10.0499 14.8661 24.7386 19.0263 34.0588 3.0 28.0713 21.9317 0.0 5.099 27.1662 8.2462 17.1172 3.1623 18.0278 17.1172 16.1555 32.5576 26.4008 21.2603 25.807 26.0768 15.2315 6.0828 17.088 24.3516 20.3961 14.2127 19.105 8.0623 
11.7047 10.8167 27.313 14.0 31.9061 2.2361 29.1548 19.7231 5.099 0.0 28.0713 4.2426 18.2483 5.6569 13.8924 19.3132 12.2066 30.2324 24.5967 19.2354 22.6274 24.6982 11.4018 8.0623 20.2485 20.1246 22.8473 11.6619 14.3178 3.6056 
17.1172 24.5967 9.4868 32.249 19.0263 27.0 1.4142 16.2788 27.1662 28.0713 0.0 25.4951 10.0499 24.0832 25.2389 11.1803 24.1868 19.2354 14.3178 15.5563 21.6333 12.083 23.7065 21.095 14.2127 27.5862 9.8995 19.6977 29.6816 26.4764 
10.6301 6.7082 26.0768 11.4018 27.7849 5.3852 26.6833 15.6525 8.2462 4.2426 25.4951 0.0 16.1555 7.0711 9.8489 18.0278 8.0623 26.0768 20.6155 15.2315 18.3848 20.8806 7.2111 8.0623 19.799 16.1555 21.6333 7.6158 11.0 1.0 
7.0711 16.9706 10.6301 24.7588 21.9317 17.0294 11.0 13.0384 17.1172 18.2483 10.0499 16.1555 0.0 14.0357 18.6011 4.0 17.0294 21.1896 14.5602 12.0416 19.105 13.0 16.2788 11.0454 8.0623 22.8473 6.7082 12.0416 22.6716 17.088 
7.0 13.1529 22.1359 18.4391 31.1448 3.6056 25.02 19.105 3.1623 5.6569 24.0832 7.0711 14.0357 0.0 16.2788 14.3178 14.3178 29.6985 23.4307 18.3848 23.3238 23.0217 13.3417 3.0 14.7648 22.561 17.72 11.6619 18.0278 7.2801 
16.4924 3.1623 29.2062 7.2801 20.6155 15.2315 26.6271 10.198 18.0278 13.8924 25.2389 9.8489 18.6011 16.2788 0.0 21.9545 2.0 18.6815 15.0333 10.4403 9.8489 16.2788 3.0 16.0 25.0799 6.3246 25.2389 6.7082 4.4721 10.2956 
7.6158 20.0 8.0623 27.6586 25.632 17.72 11.7047 17.0294 17.1172 19.3132 11.1803 18.0278 4.0 14.3178 21.9545 0.0 20.2485 25.0 18.4391 16.0312 23.0868 16.7631 19.4165 11.4018 4.1231 26.5707 3.6056 15.2643 25.807 18.868 
14.5602 1.4142 27.6586 8.0623 21.1896 13.4164 25.5539 10.0 16.1555 12.2066 24.1868 8.0623 17.0294 14.3178 2.0 20.2485 0.0 19.3132 15.0333 10.0499 10.8167 16.0312 1.0 14.0 23.2594 8.2462 23.6008 5.0 5.6569 8.6023 
25.2389 20.6155 28.0 25.1794 2.0 30.6105 20.3961 10.6301 32.5576 30.2324 19.2354 26.0768 21.1896 29.6985 18.6815 25.0 19.3132 0.0 6.7082 11.3137 9.0554 8.2462 19.6977 27.6586 29.1204 16.0312 26.3059 18.6011 22.2036 26.9258 
18.6011 16.1245 22.2036 22.2036 7.8102 24.6982 15.6525 5.099 26.4008 24.5967 14.3178 20.6155 14.5602 23.4307 15.0333 18.4391 15.0333 6.7082 0.0 5.3852 7.8102 2.2361 15.1327 21.2132 22.561 14.7648 20.025 13.0 19.2354 21.5407 
14.3178 11.0 21.5407 17.72 12.8062 19.4165 16.9706 1.0 21.2603 19.2354 15.5563 15.2315 12.0416 18.3848 10.4403 16.0312 10.0499 11.3137 5.3852 0.0 7.0711 6.0 10.0 16.4012 20.0 12.0416 18.4391 7.6158 14.8661 16.1555 
20.6155 12.2066 28.4605 16.1245 11.0454 23.4307 23.0217 6.0828 25.807 22.6274 21.6333 18.3848 19.105 23.3238 9.8489 23.0868 10.8167 9.0554 7.8102 7.0711 0.0 9.8995 11.4018 21.9317 27.0185 7.2801 25.4951 11.6619 13.1529 19.105 
17.6918 17.0 20.0998 23.5372 8.9443 24.5967 13.4164 6.0828 26.0768 24.6982 12.083 20.8806 13.0 23.0217 16.2788 16.7631 16.0312 8.2462 2.2361 6.0 9.8995 0.0 16.0 20.6155 20.8806 16.6433 18.1108 13.3417 20.6155 21.8403 
13.6015 1.0 26.9072 8.6023 21.5407 12.53 25.0599 10.0499 15.2315 11.4018 23.7065 7.2111 16.2788 13.3417 3.0 19.4165 1.0 19.6977 15.1327 10.0 11.4018 16.0 0.0 13.0 22.3607 9.2195 22.8035 4.2426 6.4031 7.8102 
4.0 13.0384 19.3132 19.3132 29.0 6.3246 22.0227 17.2047 6.0828 8.0623 21.095 8.0623 11.0454 3.0 16.0 11.4018 14.0 27.6586 21.2132 16.4012 21.9317 20.6155 13.0 0.0 12.2066 22.0907 14.8661 10.4403 18.4391 8.6023 
9.2195 22.8254 8.0 30.2324 29.7321 18.3576 14.4222 21.0 17.088 20.2485 14.2127 19.799 8.0623 14.7648 25.0799 4.1231 23.2594 29.1204 22.561 20.0 27.0185 20.8806 22.3607 12.2066 0.0 30.0832 4.4721 18.3848 28.6531 20.5183 
22.0907 9.4868 33.121 9.8489 18.0278 21.5407 29.0 11.3137 24.3516 20.1246 27.5862 16.1555 22.8473 22.561 6.3246 26.5707 8.2462 16.0312 14.7648 12.0416 7.2801 16.6433 9.2195 22.0907 30.0832 0.0 29.5466 12.0416 7.2111 16.5529 
11.1803 23.4307 4.4721 31.1448 26.6833 21.1896 10.0 19.4165 20.3961 22.8473 9.8995 21.6333 6.7082 17.72 25.2389 3.6056 23.6008 26.3059 20.025 18.4391 25.4951 18.1108 22.8035 14.8661 4.4721 29.5466 0.0 18.6011 29.2062 22.4722 
10.0499 5.0 22.6716 12.8062 20.2485 12.0416 21.0238 8.0623 14.2127 11.6619 19.6977 7.6158 12.0416 11.6619 6.7082 15.2643 5.0 18.6011 13.0 7.6158 11.6619 13.3417 4.2426 10.4403 18.3848 12.0416 18.6011 0.0 10.6301 8.544 
19.6977 5.831 33.3017 3.0 24.1868 16.1245 31.0644 14.5602 19.105 14.3178 29.6816 11.0 22.6716 18.0278 4.4721 25.807 5.6569 22.2036 19.2354 14.8661 13.1529 20.6155 6.4031 18.4391 28.6531 7.2111 29.2062 10.6301 0.0 11.0454 
11.4018 7.2111 26.9258 11.1803 28.6531 5.099 27.6586 16.5529 8.0623 3.6056 26.4764 1.0 17.088 7.2801 10.2956 18.868 8.6023 26.9258 21.5407 16.1555 19.105 21.8403 7.8102 8.6023 20.5183 16.5529 22.4722 8.544 11.0454 0.0 
