80
0.0 37.2022 40.1123 95.2103 90.0278 91.214 84.386 53.2635 58.3095 58.8218 68.0294 22.0227 77.2334 67.0298 107.4895 89.3588 84.5813 81.5414 63.7887 53.8145 63.9531 48.6621 31.3847 61.0574 55.0727 98.4937 68.5055 74.3303 32.0156 79.8123 2.8284 80.0062 29.0172 70.8308 91.022 8.4853 45.6946 67.5426 46.5725 86.267 63.561 89.4986 41.7852 70.9366 61.0082 40.6079 33.2866 60.5392 59.5399 43.6578 90.2718 44.2041 80.6536 17.0294 66.4906 88.6002 55.6597 50.6063 62.2013 15.5242 67.5352 100.7671 47.5079 28.3019 75.1665 66.7083 56.0357 74.3303 67.4685 76.1052 43.1045 65.5134 78.0064 17.0294 46.0977 82.807 41.7253 72.0069 98.0816 91.9239 
37.2022 0.0 32.45 58.0086 54.3783 56.356 48.8774 19.4165 32.9848 36.0555 42.9418 15.2643 60.0083 44.1022 70.8378 56.6127 48.7647 46.0977 42.72 18.9737 27.8927 22.8035 14.8661 24.1661 26.1725 61.5224 35.9026 37.5366 30.6757 47.0106 34.4093 54.231 21.0238 49.0408 53.8238 28.8444 23.3238 31.7805 29.2062 52.5547 28.2843 52.4023 22.6716 44.1814 48.6004 29.2062 13.4164 30.0167 43.0465 24.2074 55.0727 7.0711 46.2709 29.4279 45.8803 51.4004 23.5372 22.561 28.8617 26.9258 31.3209 63.7024 14.0357 15.1327 48.1041 29.6985 35.3836 53.4509 46.8188 49.3964 28.178 34.2345 40.8044 24.6982 12.3693 46.0109 7.0 34.8281 60.959 55.4437 
40.1123 32.45 0.0 75.71 62.6099 61.9112 57.2713 31.0161 23.6008 21.9317 75.2928 29.5296 37.1214 76.5506 81.8596 56.8507 74.1687 72.4431 25.0599 33.0 55.109 55.2178 18.3848 49.6488 25.2982 75.2728 38.9102 52.9528 8.2462 76.4003 38.0132 42.19 46.8722 31.7805 72.1803 34.1321 15.1327 59.0339 10.2956 55.4707 56.7539 68.1542 12.0416 34.7131 21.095 4.0 19.2094 30.4631 19.6469 12.0416 61.7738 34.5398 74.1485 23.0868 27.313 69.2315 55.0364 22.3607 35.4401 25.02 57.7062 78.1089 28.2843 20.0 80.0562 48.0937 67.624 34.7851 28.2312 81.3941 58.7282 34.8855 60.2993 41.4367 44.2945 60.1664 29.1548 54.1479 76.243 66.8506 
95.2103 58.0086 75.71 0.0 21.6333 26.4008 23.4094 45.5412 55.0364 59.0 54.7449 73.2393 74.0405 58.8558 19.0 36.0555 21.0 24.0832 62.2896 44.0114 33.6006 56.0803 67.5426 34.6554 50.636 9.4868 39.0128 22.8035 79.6994 35.0 92.4175 55.7136 73.0 62.3699 4.2426 86.8389 60.6383 31.3847 65.9242 31.7648 35.5106 8.0623 64.2884 51.9711 76.1643 71.8053 65.307 46.1736 69.0652 63.7887 24.4131 51.0392 29.0172 85.4225 63.6396 6.7082 45.793 53.3667 40.4475 83.7257 30.2324 9.0 50.1597 69.7711 51.0392 29.0689 61.6847 65.2534 63.7887 52.0096 68.0955 43.0 17.2047 81.3941 50.9313 16.0 54.2033 23.3238 6.0828 15.0 
90.0278 54.3783 62.6099 21.6333 0.0 5.0 5.6569 36.7967 39.5601 42.72 66.6108 68.4105 53.7587 70.4557 19.3132 14.4222 37.5899 39.3954 44.4072 36.2353 39.0512 61.0 59.4138 36.6742 37.7359 15.2971 23.7065 18.4391 68.2642 50.3289 87.2067 34.9285 73.4098 43.0116 21.2132 81.5659 48.5489 39.0512 52.3259 10.4403 42.0119 14.8661 52.6972 33.0606 58.4209 59.0593 57.28 32.249 51.788 51.6236 2.8284 47.5079 44.3847 77.2334 45.0999 19.2094 51.3517 41.6173 28.4253 76.3806 37.0135 18.2483 42.5206 62.2254 65.0 26.2488 70.0643 45.2769 45.0444 66.2193 72.7805 27.7308 22.3607 79.0759 51.8652 12.1655 48.6004 24.0832 18.0278 6.7082 
91.214 56.356 61.9112 26.4008 5.0 0.0 8.0623 38.0132 38.4708 41.2311 71.0211 69.8928 50.2494 74.8131 21.2132 9.8489 42.5441 44.2832 42.2019 37.7359 43.0116 64.4981 60.208 40.1995 37.6431 19.3132 23.4307 22.0227 68.0074 55.1543 88.4081 31.257 75.9605 40.1123 26.1725 82.801 48.4149 43.2897 51.6236 7.0711 46.0435 19.8494 52.6308 30.5941 56.0892 58.5235 58.1378 32.0156 49.7293 51.4004 2.2361 49.6588 49.2443 77.7817 42.5793 24.2074 55.0818 41.7732 29.0689 77.1557 41.1947 22.1359 43.8292 63.1269 69.6419 29.4279 74.0 42.0119 42.4264 70.8802 76.1183 27.2029 26.9258 81.0062 54.8179 16.7631 50.2494 28.0179 22.3607 11.4018 
84.386 48.8774 57.2713 23.4094 5.6569 8.0623 0.0 31.1448 34.4819 37.855 63.3482 62.8013 50.6952 67.082 24.5967 14.4222 36.4005 37.7359 40.05 30.6105 35.0571 56.4358 53.7587 32.1403 32.249 19.0263 18.3848 14.0 62.7694 48.3011 81.5659 32.311 68.1542 39.3192 21.9545 75.9276 43.0465 35.5106 47.0106 9.2195 38.1182 15.6525 47.1699 29.0689 54.0833 53.6656 51.6236 26.8328 47.2652 46.1411 6.3246 42.0595 42.5441 71.5891 41.0122 19.4165 47.0425 36.0555 22.8035 70.7248 33.3766 22.0227 36.8782 56.5685 62.2977 21.3776 66.0076 41.9762 41.0488 63.5689 68.0661 22.4722 19.6977 73.5731 46.8402 10.0 43.0116 20.0998 21.095 10.0499 
53.2635 19.4165 31.0161 45.5412 36.7967 38.0132 31.1448 0.0 17.6918 21.9317 51.7397 31.9061 45.607 54.2033 54.8179 37.3363 43.4166 41.9762 28.3196 2.2361 25.9422 35.8469 22.8035 20.1246 9.8995 46.6476 16.4924 22.8473 34.2053 47.4236 50.448 36.1386 40.3113 33.2866 41.7612 44.8219 16.0312 29.5466 22.3607 33.541 28.3019 38.4838 19.105 26.2488 38.5876 27.0185 20.6155 11.4018 31.6228 19.0 37.0135 14.0357 44.2719 40.8044 31.241 38.8973 30.6105 9.4868 9.4868 39.6989 27.8568 49.2443 5.831 25.4951 54.5619 17.1172 48.3011 37.7359 32.0156 55.9732 44.911 15.0 29.4279 43.4626 23.4094 30.8869 12.6491 23.1948 46.9574 39.2046 
58.3095 32.9848 23.6008 55.0364 39.5601 38.4708 34.4819 17.6918 0.0 4.4721 69.4262 40.3113 28.0179 71.8401 58.8727 33.3017 58.1893 57.3847 10.6301 19.799 43.0116 52.8394 27.6586 37.2022 7.8102 53.1507 16.2788 33.2415 30.4138 64.1405 55.7136 22.2036 53.4603 16.1555 52.0096 50.5964 12.6491 46.3249 13.4536 31.9061 45.607 47.0956 16.5529 12.6491 22.1359 20.5183 26.3059 9.2195 14.8661 14.7648 38.4838 29.9666 60.3738 42.5441 13.6015 49.0102 48.2701 10.4403 15.5242 42.9535 44.4185 56.0892 20.1246 30.8058 72.1803 31.0161 65.5134 20.6155 14.4222 73.5935 60.7454 12.1655 41.7732 53.2353 40.3113 39.0512 26.2488 36.4005 54.5894 44.3847 
58.8218 36.0555 21.9317 59.0 42.72 41.2311 37.855 21.9317 4.4721 0.0 73.5935 42.0119 24.1868 75.9276 61.9839 35.2278 62.6259 61.8466 6.7082 24.0832 47.4342 56.6039 29.0689 41.6173 12.0416 56.7186 20.025 37.4833 29.4109 68.6003 56.3205 21.1896 56.0892 13.1529 56.0803 51.4198 14.0 50.774 12.53 34.4384 50.0 51.0098 17.2627 12.8062 17.72 19.4165 28.0 13.6015 10.4403 15.2971 41.4367 33.6155 64.846 42.5441 9.8489 53.0848 52.4023 13.8924 19.9249 43.3244 48.8774 59.6825 23.8537 32.1403 76.4853 35.4683 69.3397 17.4642 10.7703 77.8974 64.0781 16.0 46.0977 55.0091 44.1022 43.0 29.5466 40.8044 58.3095 47.8539 
68.0294 42.9418 75.2928 54.7449 66.6108 71.0211 63.3482 51.7397 69.4262 73.5935 0.0 52.3927 97.3088 4.1231 73.5527 76.922 34.2053 30.8058 80.0562 49.679 29.1548 20.8806 57.6975 34.0 61.6198 63.2851 62.6498 49.7293 73.4098 21.0238 66.0 85.5862 39.0128 84.8116 51.3517 62.1289 64.0312 27.8927 70.6045 71.5681 26.0 55.0091 64.6375 76.5506 89.2749 71.8679 56.356 62.2013 82.7587 65.8027 68.884 41.4005 26.2488 68.6586 82.9759 51.0882 21.2132 60.1082 57.1402 65.307 30.0832 63.6396 50.2494 57.3847 7.6158 44.3847 12.6491 89.202 83.7377 8.2462 25.4951 63.8122 44.2832 51.0098 31.0644 54.4518 46.6154 43.4166 60.531 63.0714 
22.0227 15.2643 29.5296 73.2393 68.4105 69.8928 62.8013 31.9061 40.3113 42.0119 52.3927 0.0 63.9531 52.4976 85.5628 68.8767 63.5689 60.7289 48.0416 32.2025 42.72 31.5753 13.0384 39.3573 35.4401 76.4853 47.8539 52.345 24.0832 60.407 19.2094 62.514 17.6918 55.0091 69.0652 13.6015 28.0179 46.4866 31.4006 65.3682 42.72 67.4759 25.0799 52.7731 49.6488 27.8568 14.0357 40.4969 45.8912 27.074 68.8186 22.2036 60.4152 16.2788 51.0882 66.6108 36.1248 31.0483 41.1825 13.0384 46.2385 78.7464 26.0768 10.198 58.6941 44.6878 42.1545 59.0762 52.0865 59.8415 31.0644 45.31 56.0357 13.0 25.4951 60.8276 19.8494 50.0 76.0592 70.0357 
77.2334 60.0083 37.1214 74.0405 53.7587 50.2494 50.6952 45.607 28.0179 24.1868 97.3088 63.9531 0.0 99.8098 71.0282 41.0122 82.4924 82.3772 17.4929 47.634 70.0357 80.7775 50.9902 64.3506 35.805 69.0507 37.7359 55.9464 45.2769 90.4268 75.1066 19.0263 79.404 12.8062 72.111 71.0 37.0 73.0 32.5576 43.4166 72.8354 66.0984 39.0512 22.8254 16.7631 37.0135 50.448 35.3553 18.1108 37.108 51.4782 57.8014 86.0233 60.208 14.4222 69.2892 76.2168 38.0789 41.1096 62.0322 70.9366 72.0069 48.0208 53.7587 99.7246 56.4004 93.4933 8.9443 13.6015 101.1385 88.1419 35.0 64.8845 76.7919 68.2642 58.8727 53.6656 60.7454 71.5891 60.208 
67.0298 44.1022 76.5506 58.8558 70.4557 74.8131 67.082 54.2033 71.8401 75.9276 4.1231 52.4976 99.8098 0.0 77.6466 80.5233 38.3275 34.9285 82.4621 52.2015 32.573 21.4709 58.6686 37.1618 64.0312 67.3647 65.7419 53.3667 74.2428 25.0799 65.123 88.5889 38.1182 87.4185 55.4437 61.5224 65.8559 31.5753 72.3464 75.1864 29.4109 59.0339 66.2193 79.404 91.2414 73.2393 57.4543 64.8999 84.8646 67.4759 72.6911 43.1856 30.3645 68.6804 85.4283 55.1453 23.6008 62.2896 60.0333 65.2534 33.7343 67.7422 52.345 58.1378 10.6301 47.7598 11.0 91.8368 86.2148 10.8167 24.0208 66.7308 48.1664 50.0899 32.6497 58.3095 48.2701 47.0744 64.6297 67.0298 
107.4895 70.8378 81.8596 19.0 19.3132 21.2132 24.5967 54.8179 58.8727 61.9839 73.5527 85.5628 71.0282 77.6466 0.0 30.0167 40.0 43.0465 63.3482 53.9073 50.1597 73.0068 77.6209 49.7393 56.8243 10.4403 42.9535 33.3017 87.3212 54.0 104.6614 52.0096 88.2043 61.2944 22.2036 99.0051 67.6018 48.7032 71.5891 28.2843 52.5547 19.6977 71.6938 51.788 77.2787 78.2624 75.4321 51.4296 70.8308 70.7107 20.6155 63.7809 48.0104 95.6033 63.7887 22.8035 62.7694 60.5392 47.1699 94.4934 47.1699 10.0 60.3075 80.2808 70.0286 41.2311 79.8123 63.0317 63.6396 71.007 85.0882 47.0106 32.2025 95.268 66.0379 24.8395 65.7647 36.8917 13.0384 15.6205 
89.3588 56.6127 56.8507 36.0555 14.4222 9.8489 14.4222 37.3363 33.3017 35.2278 76.922 68.8767 41.0122 80.5233 30.0167 0.0 50.8035 52.1536 34.9285 37.6431 48.0521 68.0074 57.9828 44.2832 34.4093 29.1548 21.0238 27.2029 63.6553 62.6498 86.6083 22.0 77.1298 31.7805 35.4683 81.1234 44.6878 49.0408 46.7547 5.3852 51.1957 29.0689 48.9183 23.2594 48.3839 53.8145 56.0803 28.8444 42.5441 47.4236 11.6619 50.448 56.9386 74.8131 34.7851 33.2415 59.3043 38.833 27.8568 74.6324 46.8402 31.9531 43.0813 61.0574 76.3217 33.2415 78.5175 33.1361 34.4819 77.6209 79.1012 23.8537 34.0 80.7775 57.2189 24.4131 49.98 33.5261 32.2025 21.095 
84.5813 48.7647 74.1687 21.0 37.5899 42.5441 36.4005 43.4166 58.1893 62.6259 34.2053 63.5689 82.4924 38.3275 40.0 50.8035 0.0 3.6056 67.624 41.3038 20.8806 39.6232 61.5224 25.1794 51.6624 30.1496 44.7772 26.6271 76.0592 14.0 81.939 66.2193 58.8218 69.8355 18.2483 76.6942 59.4138 17.088 65.7647 45.607 21.0238 23.4094 62.1289 59.6825 80.3243 70.1783 59.4138 49.0408 73.0548 62.2896 40.3113 42.7551 8.0623 78.1025 69.7782 18.9737 30.0 52.7731 42.72 75.6902 17.4642 30.0 46.0109 62.9682 30.0666 27.2029 42.5441 73.5731 70.214 31.0161 50.9902 47.8539 17.8045 68.9638 38.4838 26.4008 47.3814 21.9317 27.0185 32.311 
81.5414 46.0977 72.4431 24.0832 39.3954 44.2832 37.7359 41.9762 57.3847 61.8466 30.8058 60.7289 82.3772 34.9285 43.0465 52.1536 3.6056 0.0 67.082 39.8121 18.2483 36.1248 59.2115 23.0 50.5964 33.0151 44.6542 26.9072 74.0 11.1803 78.924 66.6033 55.4707 69.6419 21.0238 73.736 57.8705 14.3178 64.3273 46.8722 18.0278 25.7099 60.407 59.6406 79.4796 68.469 57.1402 48.3322 72.2357 60.6712 42.0476 40.3113 5.099 75.505 69.3542 21.3776 26.6271 51.4198 42.0476 73.0068 15.0333 33.0606 44.1814 60.531 27.0 26.4008 38.9487 73.4983 69.8355 28.0179 47.4236 47.5079 18.4391 65.7647 35.4683 27.7849 45.0999 21.6333 30.0167 34.4819 
63.7887 42.72 25.0599 62.2896 44.4072 42.2019 40.05 28.3196 10.6301 6.7082 80.0562 48.0416 17.4929 82.4621 63.3482 34.9285 67.624 67.082 0.0 30.4138 53.4135 63.2851 35.0143 47.634 18.4391 59.0762 23.5372 41.7612 33.1059 74.3303 61.3922 17.2047 62.5859 7.0711 59.6825 56.7186 20.2237 56.6127 17.2627 35.171 56.0803 54.231 23.0 11.7047 14.0357 23.4094 34.1321 18.868 7.6158 21.0 42.7551 40.3113 70.3278 47.1275 3.1623 56.7186 58.8982 20.5913 25.0599 48.2701 54.6443 62.0725 30.5287 38.0 82.7587 40.7063 76.0066 11.0454 4.1231 84.1724 70.7743 19.9249 50.5964 61.0328 50.774 46.3897 36.2491 45.6946 61.0 50.0899 
53.8145 18.9737 33.0 44.0114 36.2353 37.7359 30.6105 2.2361 19.799 24.0832 49.679 32.2025 47.634 52.2015 53.9073 37.6431 41.3038 39.8121 30.4138 0.0 23.7065 34.176 23.8537 17.8885 12.0416 45.4863 17.1172 21.4709 35.9026 45.1885 50.9902 37.6431 39.6232 35.2278 40.1622 45.3431 18.1108 27.313 24.5153 33.6155 26.0768 37.1214 21.0238 27.8568 40.8167 29.0 21.6333 13.0 33.8378 21.0238 36.6197 13.0384 42.0595 41.8808 33.3017 37.3363 28.6007 11.7047 10.0499 40.6079 25.632 48.0208 6.4031 26.4008 52.4023 15.2971 46.5188 39.6611 34.0588 53.8145 43.566 16.1245 27.6586 43.382 21.8403 29.6816 12.53 21.3776 45.6508 38.2884 
63.9531 27.8927 55.109 33.6006 39.0512 43.0116 35.0571 25.9422 43.0116 47.4342 29.1548 42.72 70.0357 32.573 50.1597 48.0521 20.8806 18.2483 53.4135 23.7065 0.0 22.8473 41.0488 5.831 35.5106 39.8121 33.8378 21.095 56.0803 21.5407 61.2699 56.8595 39.598 57.28 29.4109 55.9464 41.1096 4.0 47.7598 42.7551 3.1623 30.4631 43.1741 48.2701 64.4981 51.1957 39.0128 34.7131 57.4543 43.6807 41.0 22.0907 19.105 57.2713 56.0803 27.7849 12.6491 35.3412 29.0 54.8179 3.6056 41.1825 26.9258 42.2966 30.0 15.2315 31.0161 61.5224 56.7274 31.4006 34.9285 35.4683 18.0278 48.8262 18.0278 27.2947 27.0 15.0 38.0789 36.8782 
48.6621 22.8035 55.2178 56.0803 61.0 64.4981 56.4358 35.8469 52.8394 56.6039 20.8806 31.5753 80.7775 21.4709 73.0068 68.0074 39.6232 36.1248 63.2851 34.176 22.8473 0.0 37.2156 24.3311 45.1774 62.6498 50.01 42.5793 52.7731 31.7805 46.3897 71.7844 20.2485 68.884 51.9711 42.0476 45.3431 24.6982 51.6236 63.0079 20.5913 53.3104 45.2769 62.0322 70.8378 52.0096 36.0555 47.1699 64.8151 46.669 62.6498 23.0217 33.8378 47.8539 66.3702 50.5371 10.2956 42.72 43.4166 44.5533 25.9422 63.9531 32.7567 36.6742 27.1662 35.1283 12.8062 73.3553 67.2309 28.2843 12.083 50.0 40.8534 31.7805 12.53 49.7293 27.6586 37.108 60.8276 59.4811 
31.3847 14.8661 18.3848 67.5426 59.4138 60.208 53.7587 22.8035 27.6586 29.0689 57.6975 13.0384 50.9902 58.6686 77.6209 57.9828 61.5224 59.2115 35.0143 23.8537 41.0488 37.2156 0.0 36.3456 23.7065 69.3397 37.2022 45.2769 15.8114 61.2944 28.6531 49.8197 29.0689 42.0 63.561 23.2594 15.1327 45.0444 18.4391 55.0 42.0119 60.9016 12.0416 40.2616 37.1618 15.8114 2.2361 29.1548 32.9848 14.0357 59.4138 19.0 60.0 18.0278 38.0526 60.8358 38.3275 19.2354 31.1448 16.9706 44.1814 71.8679 17.4929 3.1623 62.9682 38.4838 49.4065 46.0435 39.0512 64.2573 40.3609 34.1321 50.6952 26.0192 27.2029 53.535 14.1421 44.3847 69.4622 62.0081 
61.0574 24.1661 49.6488 34.6554 36.6742 40.1995 32.1403 20.1246 37.2022 41.6173 34.0 39.3573 64.3506 37.1618 49.7393 44.2832 25.1794 23.0 47.634 17.8885 5.831 24.3311 36.3456 0.0 29.6816 39.6611 28.6531 18.2483 51.0 27.313 58.3095 51.6236 38.6005 51.6236 30.4138 52.8394 35.4401 9.4868 42.0595 39.1152 8.4853 30.2324 37.6563 42.8019 58.6686 45.7056 34.2345 29.0 51.6236 38.0789 38.3275 17.72 24.5153 53.1601 50.3289 28.3196 15.0333 29.5466 23.4307 50.9215 8.0623 41.4005 21.3776 37.855 35.4683 11.0454 34.2345 55.9017 50.9902 36.8782 36.1386 30.0 17.8045 46.7547 16.4012 25.632 22.2036 13.0 38.4187 35.4683 
55.0727 26.1725 25.2982 50.636 37.7359 37.6431 32.249 9.8995 7.8102 12.0416 61.6198 35.4401 35.805 64.0312 56.8243 34.4093 51.6624 50.5964 18.4391 12.0416 35.5106 45.1774 23.7065 29.6816 0.0 49.98 14.2127 28.0713 30.5287 56.8243 52.3546 28.0713 47.0425 23.7065 47.2652 46.9574 10.8167 38.9487 15.2971 31.8277 38.0132 42.9535 15.0 18.0278 29.0689 21.5407 21.9317 5.6569 21.9545 13.8924 37.2022 22.4722 53.3104 40.4599 21.4009 44.2832 40.4599 4.4721 10.198 40.2244 37.1214 52.811 12.6491 26.8328 64.4438 24.5153 57.8014 28.178 22.2036 65.8559 53.4509 10.6301 36.0555 48.0521 32.6497 34.9285 19.2354 30.2655 50.9608 41.6293 
98.4937 61.5224 75.2728 9.4868 15.2971 19.3132 19.0263 46.6476 53.1507 56.7186 63.2851 76.4853 69.0507 67.3647 10.4403 29.1548 30.1496 33.0151 59.0762 45.4863 39.8121 62.6498 69.3397 39.6611 49.98 0.0 36.8782 24.2074 80.1124 44.1022 95.6713 50.2195 78.2368 58.1378 12.0 90.0278 60.5392 38.2753 65.146 25.7099 42.1545 9.434 64.4748 48.0104 73.1095 71.5122 67.1193 44.9222 66.2722 63.6946 17.72 54.4518 38.0526 87.367 60.0 12.3693 52.3927 53.3104 39.9249 86.0233 36.7696 3.0 51.8652 71.8471 60.0083 31.8277 69.3758 60.531 60.0083 61.0328 74.7329 41.0 21.9545 85.703 56.0357 15.8114 56.8507 27.0185 3.6056 9.0 
68.5055 35.9026 38.9102 39.0128 23.7065 23.4307 18.3848 16.4924 16.2788 20.025 62.6498 47.8539 37.7359 65.7419 42.9535 21.0238 44.7772 44.6542 23.5372 17.1172 33.8378 50.01 37.2022 28.6531 14.2127 36.8782 0.0 18.3848 44.6542 53.0754 65.7343 23.0217 56.7186 25.0599 36.2215 60.208 25.0 36.2353 28.6356 17.8045 36.8917 31.0 29.2062 15.0 37.2156 35.3553 35.2278 8.6023 30.0666 28.0179 23.0217 30.1496 48.4149 54.4885 25.2982 33.2415 42.72 18.3848 7.0711 54.037 34.0588 39.8121 22.1359 40.2244 63.8201 19.105 61.6847 28.8444 25.632 65.215 60.208 4.1231 27.313 59.808 38.2099 23.0217 29.1204 23.0217 38.3275 28.1603 
74.3303 37.5366 52.9528 22.8035 18.4391 22.0227 14.0 22.8473 33.2415 37.4833 49.7293 52.345 55.9464 53.3667 33.3017 27.2029 26.6271 26.9072 41.7612 21.4709 21.095 42.5793 45.2769 18.2483 28.0713 24.2074 18.3848 0.0 56.921 36.4005 71.5052 39.6989 55.4707 43.382 19.2354 65.8559 37.855 21.8403 43.2897 21.8403 24.1868 15.6525 41.4849 33.121 55.109 49.0306 43.0465 24.0832 47.8539 41.0 20.0998 30.4795 31.1448 63.2851 43.6578 16.2788 33.0606 30.5941 18.0 61.8547 19.6469 26.6271 27.7849 47.7074 49.2443 8.0623 52.0096 47.0106 44.0114 50.5668 54.3415 21.8403 8.9443 62.0081 33.6155 8.4853 32.6497 6.3246 24.1868 18.0278 
32.0156 30.6757 8.2462 79.6994 68.2642 68.0074 62.7694 34.2053 30.4138 29.4109 73.4098 24.0832 45.2769 74.2428 87.3212 63.6553 76.0592 74.0 33.1059 35.9026 56.0803 52.7731 15.8114 51.0 30.5287 80.1124 44.6542 56.921 0.0 76.7919 30.0167 50.1199 41.7732 39.9249 75.9605 26.4764 19.7231 60.075 17.0294 61.8466 57.3149 72.45 15.6525 42.2019 29.0 10.0 17.4642 36.0555 27.8927 16.6433 67.6757 34.3657 75.1665 15.0 35.4683 73.0821 54.1202 26.8328 40.2492 17.2627 59.0085 82.8553 30.2655 16.1245 78.7718 51.1957 64.6607 43.0116 36.4005 80.0562 54.6717 40.8044 63.561 34.8855 43.0116 64.622 29.1548 57.2713 80.7775 72.0069 
79.8123 47.0106 76.4003 35.0 50.3289 55.1543 48.3011 47.4236 64.1405 68.6003 21.0238 60.407 90.4268 25.0799 54.0 62.6498 14.0 11.1803 74.3303 45.1885 21.5407 31.7805 61.2944 27.313 56.8243 44.1022 53.0754 36.4005 76.7919 0.0 77.3692 75.6902 52.0 77.6209 32.1403 72.5672 62.6259 17.8885 69.2892 57.3062 19.6469 36.8782 64.56 68.0147 85.8836 72.5328 59.4138 55.4707 78.7718 65.146 52.9245 42.4264 6.0828 76.1052 76.844 32.5576 24.3311 56.8595 49.4065 73.2462 19.7231 44.0 48.3839 62.0725 16.1245 34.0588 31.1448 81.6884 77.4209 17.0294 41.6173 55.4437 28.6531 63.2456 35.0571 38.4838 47.676 30.4795 41.0122 45.607 
2.8284 34.4093 38.0132 92.4175 87.2067 88.4081 81.5659 50.448 55.7136 56.3205 66.0 19.2094 75.1066 65.123 104.6614 86.6083 81.939 78.924 61.3922 50.9902 61.2699 46.3897 28.6531 58.3095 52.3546 95.6713 65.7343 71.5052 30.0167 77.3692 0.0 77.4919 27.0185 68.4471 88.2326 5.6569 43.0813 64.8845 44.1475 83.4865 60.9262 86.6833 39.2173 68.352 59.0085 38.3275 30.5287 57.8014 57.3149 41.1096 87.4586 41.4005 78.1089 15.0333 64.1327 85.8021 53.1601 47.8853 59.4054 13.1529 64.846 97.949 44.6878 25.5539 73.0616 63.8905 54.1479 72.0069 65.1153 74.027 41.3038 62.7694 75.213 15.0333 43.4626 79.9812 38.8973 69.2026 95.268 89.0955 
80.0062 54.231 42.19 55.7136 34.9285 31.257 32.311 36.1386 22.2036 21.1896 85.5862 62.514 19.0263 88.5889 52.0096 22.0 66.2193 66.6033 17.2047 37.6431 56.8595 71.7844 49.8197 51.6236 28.0713 50.2195 23.0217 39.6989 50.1199 75.6902 77.4919 0.0 75.1066 11.4018 54.1295 72.5328 34.7131 59.203 33.6155 24.5153 59.9083 47.927 38.3275 10.0499 28.3019 40.2492 48.5077 24.7386 24.0416 36.4005 32.5576 50.01 70.7248 63.6946 15.5563 51.4296 65.307 32.0 28.6356 64.5136 57.0088 53.1507 40.4475 52.9528 86.8389 42.0119 83.9345 11.4018 14.8661 88.2326 81.0247 21.9317 48.4149 75.4255 59.4811 41.1825 47.2652 45.2548 52.8867 41.4849 
29.0172 21.0238 46.8722 73.0 73.4098 75.9605 68.1542 40.3113 53.4603 56.0892 39.0128 17.6918 79.404 38.1182 88.2043 77.1298 58.8218 55.4707 62.5859 39.6232 39.598 20.2485 29.0689 38.6005 47.0425 78.2368 56.7186 55.4707 41.7732 52.0 27.0185 75.1066 0.0 69.2315 68.7677 23.5372 42.45 42.5206 47.1699 72.8011 38.2884 68.8186 40.4969 65.0692 66.2118 44.7772 29.1548 51.0392 61.6847 42.3792 74.4648 26.6833 53.7122 32.249 65.7343 66.8431 28.8444 43.1856 49.6488 28.6531 43.1393 80.0 35.0571 26.9258 46.1736 47.4131 27.1662 73.5459 66.7083 47.0956 14.5602 55.2268 56.4004 12.0 22.2036 63.6318 28.0179 51.3128 77.0065 73.4302 
70.8308 49.0408 31.7805 62.3699 43.0116 40.1123 39.3192 33.2866 16.1555 13.1529 84.8116 55.0091 12.8062 87.4185 61.2944 31.7805 69.8355 69.6419 7.0711 35.2278 57.28 68.884 42.0 51.6236 23.7065 58.1378 25.0599 43.382 39.9249 77.6209 68.4471 11.4018 69.2315 0.0 60.1664 63.7887 27.074 60.208 24.3311 33.0606 60.1082 54.3415 30.0167 10.4403 17.0 30.3645 41.0488 22.6716 12.8062 28.0179 41.0122 46.0977 73.2393 54.1202 4.4721 57.28 63.8201 26.5707 28.3196 55.3173 58.1378 61.131 36.2491 45.0111 87.046 43.6005 81.4923 4.4721 3.6056 88.459 76.896 22.2036 52.3259 68.0074 56.356 46.8402 42.3792 48.0208 60.407 49.163 
91.022 53.8238 72.1803 4.2426 21.2132 26.1725 21.9545 41.7612 52.0096 56.0803 51.3517 69.0652 72.111 55.4437 22.2036 35.4683 18.2483 21.0238 59.6825 40.1622 29.4109 51.9711 63.561 30.4138 47.2652 12.0 36.2215 19.2354 75.9605 32.1403 88.2326 54.1295 68.7677 60.1664 0.0 82.662 57.0701 27.2947 62.514 30.8058 31.3847 6.4031 60.6383 49.7293 73.437 68.2495 61.327 43.0116 66.2722 60.208 24.0416 46.8722 26.0768 81.3941 61.1882 3.0 41.6773 49.8197 37.1214 79.6492 26.0768 12.3693 46.2385 65.7419 48.0104 25.0799 57.8705 63.2456 61.3922 49.0408 64.0078 40.1123 13.0384 77.1557 46.6905 13.3417 50.1199 19.2354 9.2195 15.0 
8.4853 28.8444 34.1321 86.8389 81.5659 82.801 75.9276 44.8219 50.5964 51.4198 62.1289 13.6015 71.0 61.5224 99.0051 81.1234 76.6942 73.736 56.7186 45.3431 55.9464 42.0476 23.2594 52.8394 46.9574 90.0278 60.208 65.8559 26.4764 72.5672 5.6569 72.5328 23.5372 63.7887 82.662 0.0 37.9473 59.6154 39.4588 77.9359 55.7136 81.0555 34.2053 63.2456 55.2268 34.0147 25.0599 52.3546 53.0377 36.1386 81.8352 35.805 73.0821 12.083 59.5399 80.2122 48.2701 42.4853 53.8238 9.2195 59.5063 92.3147 39.0512 20.1246 69.0072 58.258 50.636 67.4759 60.531 70.0286 38.0789 57.3062 69.6348 12.083 38.2753 74.3303 33.2415 63.6003 89.6437 83.4386 
45.6946 23.3238 15.1327 60.6383 48.5489 48.4149 43.0465 16.0312 12.6491 14.0 64.0312 28.0179 37.0 65.8559 67.6018 44.6878 59.4138 57.8705 20.2237 18.1108 41.1096 45.3431 15.1327 35.4401 10.8167 60.5392 25.0 37.855 19.7231 62.6259 43.0813 34.7131 42.45 27.074 57.0701 37.9473 0.0 44.9222 6.7082 42.45 43.0813 53.1601 4.2426 25.2982 25.4951 11.1803 14.0 16.4012 19.7231 3.1623 48.0104 22.6716 59.9083 30.2324 23.3452 54.1295 43.0116 7.2801 20.6155 30.4138 43.4166 63.3246 14.3178 18.2483 67.9559 33.0151 58.1378 31.257 24.3311 69.3397 51.4782 21.2603 45.1774 41.0122 33.2415 45.2217 17.6918 39.0512 61.3514 52.3259 
67.5426 31.7805 59.0339 31.3847 39.0512 43.2897 35.5106 29.5466 46.3249 50.774 27.8927 46.4866 73.0 31.5753 48.7032 49.0408 17.088 14.3178 56.6127 27.313 4.0 24.6982 45.0444 9.4868 38.9487 38.2753 36.2353 21.8403 60.075 17.8885 64.8845 59.203 42.5206 60.208 27.2947 59.6154 44.9222 0.0 51.5461 43.6807 4.2426 29.1204 47.0744 50.9313 68.0 55.109 43.0116 37.8021 60.9016 47.5395 41.1947 26.0768 15.1327 61.1882 59.203 26.0 14.4222 39.0 31.8904 58.6941 2.2361 39.3954 30.8058 46.2709 27.7849 17.2047 31.4006 64.3817 59.8164 29.1548 36.7151 38.1838 17.1172 52.1536 21.4709 27.0 31.0 15.5242 36.2491 36.2215 
46.5725 29.2062 10.2956 65.9242 52.3259 51.6236 47.0106 22.3607 13.4536 12.53 70.6045 31.4006 32.5576 72.3464 71.5891 46.7547 65.7647 64.3273 17.2627 24.5153 47.7598 51.6236 18.4391 42.0595 15.2971 65.146 28.6356 43.2897 17.0294 69.2892 44.1475 33.6155 47.1699 24.3311 62.514 39.4588 6.7082 51.5461 0.0 45.2217 49.7695 58.2495 6.7082 25.2389 19.4165 7.0711 18.0278 20.2485 14.5602 5.0 51.4782 29.2062 66.4831 30.0832 20.0998 59.5399 49.6488 13.0384 25.4951 31.0483 50.0 68.0074 21.0238 21.2132 74.6257 39.0512 64.3817 28.0713 21.095 76.0066 57.1402 24.5967 51.0098 44.2832 39.6989 50.2195 24.0832 45.0111 66.2193 56.648 
86.267 52.5547 55.4707 31.7648 10.4403 7.0711 9.2195 33.541 31.9061 34.4384 71.5681 65.3682 43.4166 75.1864 28.2843 5.3852 45.607 46.8722 35.171 33.6155 42.7551 63.0079 55.0 39.1152 31.8277 25.7099 17.8045 21.8403 61.8466 57.3062 83.4865 24.5153 72.8011 33.0606 30.8058 77.9359 42.45 43.6807 45.2217 0.0 45.8912 24.4131 46.6905 23.5372 49.0306 52.2015 53.0094 26.1725 42.72 45.3431 8.0623 46.1736 51.6236 72.2496 35.5106 28.4253 54.1479 36.1248 24.1868 71.8401 41.4849 28.6356 39.3573 58.0086 70.9366 28.0713 73.3348 35.0571 35.3553 72.2357 74.2428 21.2132 28.6531 76.9675 52.469 19.2094 46.0977 28.1603 28.4605 17.088 
63.561 28.2843 56.7539 35.5106 42.0119 46.0435 38.1182 28.3019 45.607 50.0 26.0 42.72 72.8354 29.4109 52.5547 51.1957 21.0238 18.0278 56.0803 26.0768 3.1623 20.5913 42.0119 8.4853 38.0132 42.1545 36.8917 24.1868 57.3149 19.6469 60.9262 59.9083 38.2884 60.1082 31.3847 55.7136 43.0813 4.2426 49.7695 45.8912 0.0 32.8938 44.9222 51.225 66.888 52.8867 40.05 37.4833 59.9083 45.5412 44.0114 23.0217 18.0278 57.7062 58.7963 29.9666 10.2956 37.5899 31.8904 55.109 5.3852 43.382 28.7924 43.0465 27.0185 18.3848 28.0713 64.3817 59.4643 28.4253 32.6497 38.4187 20.6155 48.0208 17.4642 30.1496 28.1603 18.0278 40.2492 39.6232 
89.4986 52.4023 68.1542 8.0623 14.8661 19.8494 15.6525 38.4838 47.0956 51.0098 55.0091 67.4759 66.0984 59.0339 19.6977 29.0689 23.4094 25.7099 54.231 37.1214 30.4631 53.3104 60.9016 30.2324 42.9535 9.434 31.0 15.6525 72.45 36.8782 86.6833 47.927 68.8186 54.3415 6.4031 81.0555 53.1601 29.1204 58.2495 24.4131 32.8938 0.0 56.921 43.9318 68.1175 64.2884 58.6686 38.3275 61.0328 56.3205 17.6918 45.3431 30.8058 78.8923 55.5788 4.4721 43.0813 45.8803 32.7567 77.3886 27.5136 11.3137 43.4166 63.2851 52.345 22.8035 60.4152 57.28 55.7315 53.4603 65.3911 35.0143 12.53 76.4199 46.6154 8.0623 48.0104 17.6918 8.6023 8.9443 
41.7852 22.6716 12.0416 64.2884 52.6972 52.6308 47.1699 19.105 16.5529 17.2627 64.6375 25.0799 39.0512 66.2193 71.6938 48.9183 62.1289 60.407 23.0 21.0238 43.1741 45.2769 12.0416 37.6563 15.0 64.4748 29.2062 41.4849 15.6525 64.56 39.2173 38.3275 40.4969 30.0167 60.6383 34.2053 4.2426 47.0744 6.7082 46.6905 44.9222 56.921 0.0 29.1548 26.0768 8.0623 11.4018 20.6155 21.1896 2.0 52.2015 23.3238 62.1691 26.0768 26.0192 57.7235 43.909 11.1803 24.5967 26.4008 45.7056 67.2309 16.2788 15.0 68.9638 36.2215 57.9828 34.0147 27.0185 70.3278 50.4777 25.4951 48.5077 38.0526 33.6006 49.0408 18.0278 42.2966 65.192 56.356 
70.9366 44.1814 34.7131 51.9711 33.0606 30.5941 29.0689 26.2488 12.6491 12.8062 76.5506 52.7731 22.8254 79.404 51.788 23.2594 59.6825 59.6406 11.7047 27.8568 48.2701 62.0322 40.2616 42.8019 18.0278 48.0104 15.0 33.121 42.2019 68.0147 68.352 10.0499 65.0692 10.4403 49.7293 63.2456 25.2982 50.9313 25.2389 23.5372 51.225 43.9318 29.1548 0.0 25.4951 32.2025 38.833 14.8661 19.3132 27.313 31.257 40.025 63.4114 55.0091 12.0416 46.8402 55.9464 22.0227 19.4165 55.5428 48.7955 51.0098 30.4138 43.4166 78.2432 33.9706 74.3236 13.8924 12.0 79.6492 71.0634 12.8062 42.0595 65.6201 49.6488 36.4005 37.2156 38.0132 50.1597 39.0128 
61.0082 48.6004 21.095 76.1643 58.4209 56.0892 54.0833 38.5876 22.1359 17.72 89.2749 49.6488 16.7631 91.2414 77.2787 48.3839 80.3243 79.4796 14.0357 40.8167 64.4981 70.8378 37.1618 58.6686 29.0689 73.1095 37.2156 55.109 29.0 85.8836 59.0085 28.3019 66.2118 17.0 73.437 55.2268 25.4951 68.0 19.4165 49.0306 66.888 68.1175 26.0768 25.4951 0.0 21.8403 37.1214 31.3209 7.2801 24.4131 56.7186 48.0833 82.3468 44.0 13.6015 70.4557 68.1175 29.4109 37.6431 46.0977 66.1891 76.1052 39.0512 39.5601 92.8009 53.1413 83.6301 17.6918 13.9284 94.2019 76.5506 33.3766 63.7887 62.0967 58.6941 60.208 43.1856 58.5235 75.0067 64.1249 
40.6079 29.2062 4.0 71.8053 59.0593 58.5235 53.6656 27.0185 20.5183 19.4165 71.8679 27.8568 37.0135 73.2393 78.2624 53.8145 70.1783 68.469 23.4094 29.0 51.1957 52.0096 15.8114 45.7056 21.5407 71.5122 35.3553 49.0306 10.0 72.5328 38.3275 40.2492 44.7772 30.3645 68.2495 34.0147 11.1803 55.109 7.0711 52.2015 52.8867 64.2884 8.0623 32.2025 21.8403 0.0 16.2788 26.8328 19.0263 8.0623 58.3095 30.8707 70.214 23.7697 25.9615 65.307 51.4296 18.4391 31.6228 25.1794 53.7587 74.3303 24.3311 17.8885 76.4788 44.1022 64.5368 33.7343 26.9258 77.8267 56.0803 31.3847 56.3205 40.2616 40.8167 56.3205 25.4951 50.1597 72.4224 63.1585 
33.2866 13.4164 19.2094 65.307 57.28 58.1378 51.6236 20.6155 26.3059 28.0 56.356 14.0357 50.448 57.4543 75.4321 56.0803 59.4138 57.1402 34.1321 21.6333 39.0128 36.0555 2.2361 34.2345 21.9317 67.1193 35.2278 43.0465 17.4642 59.4138 30.5287 48.5077 29.1548 41.0488 61.327 25.0599 14.0 43.0116 18.0278 53.0094 40.05 58.6686 11.4018 38.833 37.1214 16.2788 0.0 27.2947 32.573 13.3417 57.3149 17.0294 58.0086 20.2485 37.2156 58.6003 36.6879 17.4642 29.0689 19.105 42.107 69.6419 15.2643 5.0 61.4654 36.2491 48.4149 45.1774 38.2099 62.7694 39.8246 32.249 48.4665 27.0185 25.632 51.3128 12.0416 42.1545 67.2309 59.8164 
60.5392 30.0167 30.4631 46.1736 32.249 32.0156 26.8328 11.4018 9.2195 13.6015 62.2013 40.4969 35.3553 64.8999 51.4296 28.8444 49.0408 48.3322 18.868 13.0 34.7131 47.1699 29.1548 29.0 5.6569 44.9222 8.6023 24.0832 36.0555 55.4707 57.8014 24.7386 51.0392 22.6716 43.0116 52.3546 16.4012 37.8021 20.2485 26.1725 37.4833 38.3275 20.6155 14.8661 31.3209 26.8328 27.2947 0.0 24.0416 19.4165 31.6228 25.318 51.4782 46.0977 21.4009 40.0125 41.3401 10.0 6.3246 45.8039 35.805 47.8017 16.0 32.249 64.3817 21.9317 59.5063 27.0185 22.0227 65.7951 56.2939 5.0 32.5576 52.8867 34.7851 30.2655 23.0217 27.2029 46.0977 36.4005 
59.5399 43.0465 19.6469 69.0652 51.788 49.7293 47.2652 31.6228 14.8661 10.4403 82.7587 45.8912 18.1108 84.8646 70.8308 42.5441 73.0548 72.2357 7.6158 33.8378 57.4543 64.8151 32.9848 51.6236 21.9545 66.2722 30.0666 47.8539 27.8927 78.7718 57.3149 24.0416 61.6847 12.8062 66.2722 53.0377 19.7231 60.9016 14.5602 42.72 59.9083 61.0328 21.1896 19.3132 7.2801 19.0263 32.573 24.0416 0.0 19.3132 50.2195 41.8688 75.1532 42.5793 8.4853 63.2851 61.5549 22.6716 30.3645 44.1814 59.0593 69.2604 32.5269 35.6931 86.0523 45.8803 77.6209 15.2315 9.2195 87.4586 71.1969 26.1725 56.5155 58.6941 52.4976 53.0848 37.2022 51.2445 68.0661 57.3149 
43.6578 24.2074 12.0416 63.7887 51.6236 51.4004 46.1411 19.0 14.7648 15.2971 65.8027 27.074 37.108 67.4759 70.7107 47.4236 62.2896 60.6712 21.0 21.0238 43.6807 46.669 14.0357 38.0789 13.8924 63.6946 28.0179 41.0 16.6433 65.146 41.1096 36.4005 42.3792 28.0179 60.208 36.1386 3.1623 47.5395 5.0 45.3431 45.5412 56.3205 2.0 27.313 24.4131 8.0623 13.3417 19.4165 19.3132 0.0 51.0392 24.4131 62.5859 27.7849 24.0208 57.2713 44.9444 10.4403 23.7697 28.2312 46.0977 66.4831 16.7631 17.0 69.9714 36.0555 59.4138 32.0156 25.02 71.3442 52.1536 24.2074 48.2597 40.05 34.8281 48.3839 19.2094 42.107 64.5136 55.4617 
90.2718 55.0727 61.7738 24.4131 2.8284 2.2361 6.3246 37.0135 38.4838 41.4367 68.884 68.8186 51.4782 72.6911 20.6155 11.6619 40.3113 42.0476 42.7551 36.6197 41.0 62.6498 59.4138 38.3275 37.2022 17.72 23.0217 20.0998 67.6757 52.9245 87.4586 32.5576 74.4648 41.0122 24.0416 81.8352 48.0104 41.1947 51.4782 8.0623 44.0114 17.6918 52.2015 31.257 56.7186 58.3095 57.3149 31.6228 50.2195 51.0392 0.0 48.3011 47.0106 77.1038 43.2897 22.0227 53.1507 41.2311 28.2843 76.3806 39.1152 20.6155 42.8019 62.2896 67.4463 27.6586 72.0069 43.1045 43.1856 68.6804 74.3303 26.9258 24.7386 79.7559 53.1601 14.5602 49.0918 26.0 20.6155 9.434 
44.2041 7.0711 34.5398 51.0392 47.5079 49.6588 42.0595 14.0357 29.9666 33.6155 41.4005 22.2036 57.8014 43.1856 63.7809 50.448 42.7551 40.3113 40.3113 13.0384 22.0907 23.0217 19.0 17.72 22.4722 54.4518 30.1496 30.4795 34.3657 42.4264 41.4005 50.01 26.6833 46.0977 46.8722 35.805 22.6716 26.0768 29.2062 46.1736 23.0217 45.3431 23.3238 40.025 48.0833 30.8707 17.0294 25.318 41.8688 24.4131 48.3011 0.0 41.0 35.4401 43.4166 44.4072 20.5913 19.7231 23.0868 33.2415 25.318 56.6392 9.8489 20.2237 45.6508 22.6274 35.805 50.5668 44.2945 47.0106 31.0483 29.0172 33.8378 31.6228 10.6301 38.9487 5.3852 27.8029 53.9073 48.4149 
80.6536 46.2709 74.1485 29.0172 44.3847 49.2443 42.5441 44.2719 60.3738 64.846 26.2488 60.4152 86.0233 30.3645 48.0104 56.9386 8.0623 5.099 70.3278 42.0595 19.105 33.8378 60.0 24.5153 53.3104 38.0526 48.4149 31.1448 75.1665 6.0828 78.1089 70.7248 53.7122 73.2393 26.0768 73.0821 59.9083 15.1327 66.4831 51.6236 18.0278 30.8058 62.1691 63.4114 82.3468 70.214 58.0086 51.4782 75.1532 62.5859 47.0106 41.0 0.0 75.6637 72.7186 26.4764 25.0799 53.7587 45.2769 72.9932 16.4924 38.0132 45.8912 61.0737 22.0227 29.6816 35.2278 77.201 73.2462 23.0 44.5982 51.0392 23.0217 64.4748 34.9285 32.6497 46.0435 25.4951 35.0 39.5601 
17.0294 29.4279 23.0868 85.4225 77.2334 77.7817 71.5891 40.8044 42.5441 42.5441 68.6586 16.2788 60.208 68.6804 95.6033 74.8131 78.1025 75.505 47.1275 41.8808 57.2713 47.8539 18.0278 53.1601 40.4599 87.367 54.4885 63.2851 15.0 76.1052 15.0333 63.6946 32.249 54.1202 81.3941 12.083 30.2324 61.1882 30.0832 72.2496 57.7062 78.8923 26.0768 55.0091 44.0 23.7697 20.2485 46.0977 42.5793 27.7849 77.1038 35.4401 75.6637 0.0 49.7293 78.7147 52.0 36.1248 48.8365 3.6056 60.6383 89.8888 35.5106 15.6525 74.9667 56.356 58.1893 57.4891 50.6952 76.1183 46.5188 51.0882 68.4471 22.6274 41.0488 71.5612 31.3847 62.1691 87.4643 80.0 
66.4906 45.8803 27.313 63.6396 45.0999 42.5793 41.0122 31.241 13.6015 9.8489 82.9759 51.0882 14.4222 85.4283 63.7887 34.7851 69.7782 69.3542 3.1623 33.3017 56.0803 66.3702 38.0526 50.3289 21.4009 60.0 25.2982 43.6578 35.4683 76.844 64.1327 15.5563 65.7343 4.4721 61.1882 59.5399 23.3452 59.203 20.0998 35.5106 58.7963 55.5788 26.0192 12.0416 13.6015 25.9615 37.2156 21.4009 8.4853 24.0208 43.2897 43.4166 72.7186 49.7293 0.0 58.2495 61.8466 23.7065 27.4591 50.9902 57.2014 63.0 33.6155 41.0122 85.5628 43.0465 79.0759 8.0 1.0 86.977 73.9256 21.9317 52.5547 64.0703 53.8516 47.8539 39.3954 47.8539 62.0725 51.0 
88.6002 51.4004 69.2315 6.7082 19.2094 24.2074 19.4165 38.8973 49.0102 53.0848 51.0882 66.6108 69.2892 55.1453 22.8035 33.2415 18.9737 21.3776 56.7186 37.3363 27.7849 50.5371 60.8358 28.3196 44.2832 12.3693 33.2415 16.2788 73.0821 32.5576 85.8021 51.4296 66.8431 57.28 3.0 80.2122 54.1295 26.0 59.5399 28.4253 29.9666 4.4721 57.7235 46.8402 70.4557 65.307 58.6003 40.0125 63.2851 57.2713 22.0227 44.4072 26.4764 78.7147 58.2495 0.0 40.2492 46.8722 34.1321 77.026 24.5967 13.4164 43.4626 63.0635 48.1664 22.3607 57.0088 60.407 58.4637 49.2544 62.6099 37.1214 10.6301 74.9667 44.6878 10.4403 47.5079 16.6433 10.2956 13.4164 
55.6597 23.5372 55.0364 45.793 51.3517 55.0818 47.0425 30.6105 48.2701 52.4023 21.2132 36.1248 76.2168 23.6008 62.7694 59.3043 30.0 26.6271 58.8982 28.6007 12.6491 10.2956 38.3275 15.0333 40.4599 52.3927 42.72 33.0606 54.1202 24.3311 53.1601 65.307 28.8444 63.8201 41.6773 48.2701 43.0116 14.4222 49.6488 54.1479 10.2956 43.0813 43.909 55.9464 68.1175 51.4296 36.6879 41.3401 61.5549 44.9444 53.1507 20.5913 25.0799 52.0 61.8466 40.2492 0.0 38.8973 36.6742 49.0408 15.6525 53.6656 29.0689 38.6394 25.0599 26.0768 19.2354 68.2422 62.6259 26.4197 22.3607 43.382 30.6757 39.3954 11.1803 39.8121 25.9422 27.2947 50.5371 49.4773 
50.6063 22.561 22.3607 53.3667 41.6173 41.7732 36.0555 9.4868 10.4403 13.8924 60.1082 31.0483 38.0789 62.2896 60.5392 38.833 52.7731 51.4198 20.5913 11.7047 35.3412 42.72 19.2354 29.5466 4.4721 53.3104 18.3848 30.5941 26.8328 56.8595 47.8853 32.0 43.1856 26.5707 49.8197 42.4853 7.2801 39.0 13.0384 36.1248 37.5899 45.8803 11.1803 22.0227 29.4109 18.4391 17.4642 10.0 22.6716 10.4403 41.2311 19.7231 53.7587 36.1248 23.7065 46.8722 38.8973 0.0 13.4164 35.805 37.3363 56.0803 10.0 22.3607 63.4114 26.0192 55.4707 31.0161 24.5967 64.8151 50.3289 15.0 38.0526 43.7379 30.2324 37.9473 15.8114 32.0 54.0833 45.1774 
62.2013 28.8617 35.4401 40.4475 28.4253 29.0689 22.8035 9.4868 15.5242 19.9249 57.1402 41.1825 41.1096 60.0333 47.1699 27.8568 42.72 42.0476 25.0599 10.0499 29.0 43.4166 31.1448 23.4307 10.198 39.9249 7.0711 18.0 40.2492 49.4065 59.4054 28.6356 49.6488 28.3196 37.1214 53.8238 20.6155 31.8904 25.4951 24.1868 31.8904 32.7567 24.5967 19.4165 37.6431 31.6228 29.0689 6.3246 30.3645 23.7697 28.2843 23.0868 45.2769 48.8365 27.4591 34.1321 36.6742 13.4164 0.0 48.1041 29.8329 42.72 15.2315 34.0588 58.8982 15.6525 55.3624 32.5269 28.0179 60.3075 53.3385 6.7082 26.3059 52.9245 31.4006 24.7386 22.1359 20.8806 40.8044 31.7648 
15.5242 26.9258 25.02 83.7257 76.3806 77.1557 70.7248 39.6989 42.9535 43.3244 65.307 13.0384 62.0322 65.2534 94.4934 74.6324 75.6902 73.0068 48.2701 40.6079 54.8179 44.5533 16.9706 50.9215 40.2244 86.0233 54.037 61.8547 17.2627 73.2462 13.1529 64.5136 28.6531 55.3173 79.6492 9.2195 30.4138 58.6941 31.0483 71.8401 55.109 77.3886 26.4008 55.5428 46.0977 25.1794 19.105 45.8039 44.1814 28.2312 76.3806 33.2415 72.9932 3.6056 50.9902 77.026 49.0408 35.805 48.1041 0.0 58.2409 88.4816 34.2053 14.2127 71.7008 54.7083 54.7083 58.8558 51.9711 72.8354 42.9535 50.8035 66.6483 19.105 38.2099 70.214 29.5296 60.4152 85.9826 78.8733 
67.5352 31.3209 57.7062 30.2324 37.0135 41.1947 33.3766 27.8568 44.4185 48.8774 30.0832 46.2385 70.9366 33.7343 47.1699 46.8402 17.4642 15.0333 54.6443 25.632 3.6056 25.9422 44.1814 8.0623 37.1214 36.7696 34.0588 19.6469 59.0085 19.7231 64.846 57.0088 43.1393 58.1378 26.0768 59.5063 43.4166 2.2361 50.0 41.4849 5.3852 27.5136 45.7056 48.7955 66.1891 53.7587 42.107 35.805 59.0593 46.0977 39.1152 25.318 16.4924 60.6383 57.2014 24.5967 15.6525 37.3363 29.8329 58.2409 0.0 38.0132 29.4279 45.5412 30.0167 15.0 33.2415 62.2896 57.8014 31.3847 38.0132 36.0694 15.2971 52.4309 21.6333 25.02 30.0666 13.3417 34.8855 34.3657 
100.7671 63.7024 78.1089 9.0 18.2483 22.1359 22.0227 49.2443 56.0892 59.6825 63.6396 78.7464 72.0069 67.7422 10.0 31.9531 30.0 33.0606 62.0725 48.0208 41.1825 63.9531 71.8679 41.4005 52.811 3.0 39.8121 26.6271 82.8553 44.0 97.949 53.1507 80.0 61.131 12.3693 92.3147 63.3246 39.3954 68.0074 28.6356 43.382 11.3137 67.2309 51.0098 76.1052 74.3303 69.6419 47.8017 69.2604 66.4831 20.6155 56.6392 38.0132 89.8888 63.0 13.4164 53.6656 56.0803 42.72 88.4816 38.0132 0.0 54.3783 74.3303 60.0333 34.0588 70.214 63.5059 63.0079 61.0082 76.0263 43.9318 23.6008 87.7268 57.8014 18.3576 59.203 29.0 3.1623 12.0 
47.5079 14.0357 28.2843 50.1597 42.5206 43.8292 36.8782 5.831 20.1246 23.8537 50.2494 26.0768 48.0208 52.345 60.3075 43.0813 46.0109 44.1814 30.5287 6.4031 26.9258 32.7567 17.4929 21.3776 12.6491 51.8652 22.1359 27.7849 30.2655 48.3839 44.6878 40.4475 35.0571 36.2491 46.2385 39.0512 14.3178 30.8058 21.0238 39.3573 28.7924 43.4166 16.2788 30.4138 39.0512 24.3311 15.2643 16.0 32.5269 16.7631 42.8019 9.8489 45.8912 35.5106 33.6155 43.4626 29.0689 10.0 15.2315 34.2053 29.4279 54.3783 0.0 20.0 53.8238 21.1896 45.4863 40.7185 34.4819 55.2178 40.8044 20.2237 33.5261 37.6962 20.2485 36.0555 7.0711 27.2029 51.9711 44.6878 
28.3019 15.1327 20.0 69.7711 62.2254 63.1269 56.5685 25.4951 30.8058 32.1403 57.3847 10.198 53.7587 58.1378 80.2808 61.0574 62.9682 60.531 38.0 26.4008 42.2966 36.6742 3.1623 37.855 26.8328 71.8471 40.2244 47.7074 16.1245 62.0725 25.5539 52.9528 26.9258 45.0111 65.7419 20.1246 18.2483 46.2709 21.2132 58.0086 43.0465 63.2851 15.0 43.4166 39.5601 17.8885 5.0 32.249 35.6931 17.0 62.2896 20.2237 61.0737 15.6525 41.0122 63.0635 38.6394 22.3607 34.0588 14.2127 45.5412 74.3303 20.0 0.0 62.9365 40.7063 48.5489 49.0102 42.0119 64.195 38.8973 37.2156 52.8015 23.0868 27.4591 56.0357 15.8114 46.5188 71.8679 64.6607 
75.1665 48.1041 80.0562 51.0392 65.0 69.6419 62.2977 54.5619 72.1803 76.4853 7.6158 58.6941 99.7246 10.6301 70.0286 76.3217 30.0666 27.0 82.7587 52.4023 30.0 27.1662 62.9682 35.4683 64.4438 60.0083 63.8201 49.2443 78.7718 16.1245 73.0616 86.8389 46.1736 87.046 48.0104 69.0072 67.9559 27.7849 74.6257 70.9366 27.0185 52.345 68.9638 78.2432 92.8009 76.4788 61.4654 64.3817 86.0523 69.9714 67.4463 45.6508 22.0227 74.9667 85.5628 48.1664 25.0599 63.4114 58.8982 71.7008 30.0167 60.0333 53.8238 62.9365 0.0 44.9444 20.2485 91.351 86.267 1.4142 32.9848 65.437 42.72 58.1378 35.8469 52.8867 51.0 42.9535 57.0088 60.8276 
66.7083 29.6985 48.0937 29.0689 26.2488 29.4279 21.3776 17.1172 31.0161 35.4683 44.3847 44.6878 56.4004 47.7598 41.2311 33.2415 27.2029 26.4008 40.7063 15.2971 15.2315 35.1283 38.4838 11.0454 24.5153 31.8277 19.105 8.0623 51.1957 34.0588 63.8905 42.0119 47.4131 43.6005 25.0799 58.258 33.0151 17.2047 39.0512 28.0713 18.3848 22.8035 36.2215 33.9706 53.1413 44.1022 36.2491 21.9317 45.8803 36.0555 27.6586 22.6274 29.6816 56.356 43.0465 22.3607 26.0768 26.0192 15.6525 54.7083 15.0 34.0588 21.1896 40.7063 44.9444 0.0 45.2769 47.634 43.566 46.3249 46.6905 21.4009 12.3693 54.037 25.632 16.4012 25.2389 6.0828 31.4006 26.0768 
56.0357 35.3836 67.624 61.6847 70.0643 74.0 66.0076 48.3011 65.5134 69.3397 12.6491 42.1545 93.4933 11.0 79.8123 78.5175 42.5441 38.9487 76.0066 46.5188 31.0161 12.8062 49.4065 34.2345 57.8014 69.3758 61.6847 52.0096 64.6607 31.1448 54.1479 83.9345 27.1662 81.4923 57.8705 50.636 58.1378 31.4006 64.3817 73.3348 28.0713 60.4152 57.9828 74.3236 83.6301 64.5368 48.4149 59.5063 77.6209 59.4138 72.0069 35.805 35.2278 58.1893 79.0759 57.0088 19.2354 55.4707 55.3624 54.7083 33.2415 70.214 45.4863 48.5489 20.2485 45.2769 0.0 85.9593 79.925 20.8806 13.0384 62.0322 48.5077 39.1152 25.2389 58.2151 40.4599 46.0109 67.0522 67.6018 
74.3303 53.4509 34.7851 65.2534 45.2769 42.0119 41.9762 37.7359 20.6155 17.4642 89.202 59.0762 8.9443 91.8368 63.0317 33.1361 73.5731 73.4983 11.0454 39.6611 61.5224 73.3553 46.0435 55.9017 28.178 60.531 28.8444 47.0106 43.0116 81.6884 72.0069 11.4018 73.5459 4.4721 63.2456 67.4759 31.257 64.3817 28.0713 35.0571 64.3817 57.28 34.0147 13.8924 17.6918 33.7343 45.1774 27.0185 15.2315 32.0156 43.1045 50.5668 77.201 57.4891 8.0 60.407 68.2422 31.0161 32.5269 58.8558 62.2896 63.5059 40.7185 49.0102 91.351 47.634 85.9593 0.0 7.0 92.7631 81.3449 26.2488 55.9464 72.0625 60.8276 49.98 46.8188 51.8652 62.9682 51.6236 
67.4685 46.8188 28.2312 63.7887 45.0444 42.4264 41.0488 32.0156 14.4222 10.7703 83.7377 52.0865 13.6015 86.2148 63.6396 34.4819 70.214 69.8355 4.1231 34.0588 56.7274 67.2309 39.0512 50.9902 22.2036 60.0083 25.632 44.0114 36.4005 77.4209 65.1153 14.8661 66.7083 3.6056 61.3922 60.531 24.3311 59.8164 21.095 35.3553 59.4643 55.7315 27.0185 12.0 13.9284 26.9258 38.2099 22.0227 9.2195 25.02 43.1856 44.2945 73.2462 50.6952 1.0 58.4637 62.6259 24.5967 28.0179 51.9711 57.8014 63.0079 34.4819 42.0119 86.267 43.566 79.925 7.0 0.0 87.6812 74.8465 22.3607 52.9245 65.0692 54.7083 48.0521 40.3113 48.3011 62.1289 51.0098 
76.1052 49.3964 81.3941 52.0096 66.2193 70.8802 63.5689 55.9732 73.5935 77.8974 8.2462 59.8415 101.1385 10.8167 71.007 77.6209 31.0161 28.0179 84.1724 53.8145 31.4006 28.2843 64.2573 36.8782 65.8559 61.0328 65.215 50.5668 80.0562 17.0294 74.027 88.2326 47.0956 88.459 49.0408 70.0286 69.3397 29.1548 76.0066 72.2357 28.4253 53.4603 70.3278 79.6492 94.2019 77.8267 62.7694 65.7951 87.4586 71.3442 68.6804 47.0106 23.0 76.1183 86.977 49.2544 26.4197 64.8151 60.3075 72.8354 31.3847 61.0082 55.2178 64.195 1.4142 46.3249 20.8806 92.7631 87.6812 0.0 33.7343 66.8431 43.9659 59.0762 37.1618 54.1202 52.3546 44.2832 58.0 61.9839 
43.1045 28.178 58.7282 68.0955 72.7805 76.1183 68.0661 44.911 60.7454 64.0781 25.4951 31.0644 88.1419 24.0208 85.0882 79.1012 50.9902 47.4236 70.7743 43.566 34.9285 12.083 40.3609 36.1386 53.4509 74.7329 60.208 54.3415 54.6717 41.6173 41.3038 81.0247 14.5602 76.896 64.0078 38.0789 51.4782 36.7151 57.1402 74.2428 32.6497 65.3911 50.4777 71.0634 76.5506 56.0803 39.8246 56.2939 71.1969 52.1536 74.3303 31.0483 44.5982 46.5188 73.9256 62.6099 22.3607 50.3289 53.3385 42.9535 38.0132 76.0263 40.8044 38.8973 32.9848 46.6905 13.0384 81.3449 74.8465 33.7343 0.0 59.6825 52.9245 26.3059 22.0227 61.6847 34.5398 49.0408 72.8972 71.4703 
65.5134 34.2345 34.8855 43.0 27.7308 27.2029 22.4722 15.0 12.1655 16.0 63.8122 45.31 35.0 66.7308 47.0106 23.8537 47.8539 47.5079 19.9249 16.1245 35.4683 50.0 34.1321 30.0 10.6301 41.0 4.1231 21.8403 40.8044 55.4437 62.7694 21.9317 55.2268 22.2036 40.1123 57.3062 21.2603 38.1838 24.5967 21.2132 38.4187 35.0143 25.4951 12.8062 33.3766 31.3847 32.249 5.0 26.1725 24.2074 26.9258 29.0172 51.0392 51.0882 21.9317 37.1214 43.382 15.0 6.7082 50.8035 36.0694 43.9318 20.2237 37.2156 65.437 21.4009 62.0322 26.2488 22.3607 66.8431 59.6825 0.0 30.6757 57.5674 37.855 27.0 27.2947 25.9422 42.4264 32.28 
78.0064 40.8044 60.2993 17.2047 22.3607 26.9258 19.6977 29.4279 41.7732 46.0977 44.2832 56.0357 64.8845 48.1664 32.2025 34.0 17.8045 18.4391 50.5964 27.6586 18.0278 40.8534 50.6952 17.8045 36.0555 21.9545 27.313 8.9443 63.561 28.6531 75.213 48.4149 56.4004 52.3259 13.0384 69.6348 45.1774 17.1172 51.0098 28.6531 20.6155 12.53 48.5077 42.0595 63.7887 56.3205 48.4665 32.5576 56.5155 48.2597 24.7386 33.8378 23.0217 68.4471 52.5547 10.6301 30.6757 38.0526 26.3059 66.6483 15.2971 23.6008 33.5261 52.8015 42.72 12.3693 48.5077 55.9464 52.9245 43.9659 52.9245 30.6757 0.0 64.3506 34.2053 10.198 37.1214 6.3246 20.6155 19.105 
17.0294 24.6982 41.4367 81.3941 79.0759 81.0062 73.5731 43.4626 53.2353 55.0091 51.0098 13.0 76.7919 50.0899 95.268 80.7775 68.9638 65.7647 61.0328 43.382 48.8262 31.7805 26.0192 46.7547 48.0521 85.703 59.808 62.0081 34.8855 63.2456 15.0333 75.4255 12.0 68.0074 77.1557 12.083 41.0122 52.1536 44.2832 76.9675 48.0208 76.4199 38.0526 65.6201 62.0967 40.2616 27.0185 52.8867 58.6941 40.05 79.7559 31.6228 64.4748 22.6274 64.0703 74.9667 39.3954 43.7379 52.9245 19.105 52.4309 87.7268 37.6962 23.0868 58.1378 54.037 39.1152 72.0625 65.0692 59.0762 26.3059 57.5674 64.3506 0.0 30.8058 70.4344 30.8707 58.7282 84.8646 80.0 
46.0977 12.3693 44.2945 50.9313 51.8652 54.8179 46.8402 23.4094 40.3113 44.1022 31.0644 25.4951 68.2642 32.6497 66.0379 57.2189 38.4838 35.4683 50.774 21.8403 18.0278 12.53 27.2029 16.4012 32.6497 56.0357 38.2099 33.6155 43.0116 35.0571 43.4626 59.4811 22.2036 56.356 46.6905 38.2753 33.2415 21.4709 39.6989 52.469 17.4642 46.6154 33.6006 49.6488 58.6941 40.8167 25.632 34.7851 52.4976 34.8281 53.1601 10.6301 34.9285 41.0488 53.8516 44.6878 11.1803 30.2324 31.4006 38.2099 21.6333 57.8014 20.2485 27.4591 35.8469 25.632 25.2389 60.8276 54.7083 37.1618 22.0227 37.855 34.2053 30.8058 0.0 41.5933 15.6205 29.1548 54.8179 51.4296 
82.807 46.0109 60.1664 16.0 12.1655 16.7631 10.0 30.8869 39.0512 43.0 54.4518 60.8276 58.8727 58.3095 24.8395 24.4131 26.4008 27.7849 46.3897 29.6816 27.2947 49.7293 53.535 25.632 34.9285 15.8114 23.0217 8.4853 64.622 38.4838 79.9812 41.1825 63.6318 46.8402 13.3417 74.3303 45.2217 27.0 50.2195 19.2094 30.1496 8.0623 49.0408 36.4005 60.208 56.3205 51.3128 30.2655 53.0848 48.3839 14.5602 38.9487 32.6497 71.5612 47.8539 10.4403 39.8121 37.9473 24.7386 70.214 25.02 18.3576 36.0555 56.0357 52.8867 16.4012 58.2151 49.98 48.0521 54.1202 61.6847 27.0 10.198 70.4344 41.5933 0.0 41.1096 12.6491 16.1555 9.8489 
41.7253 7.0 29.1548 54.2033 48.6004 50.2494 43.0116 12.6491 26.2488 29.5466 46.6154 19.8494 53.6656 48.2701 65.7647 49.98 47.3814 45.0999 36.2491 12.53 27.0 27.6586 14.1421 22.2036 19.2354 56.8507 29.1204 32.6497 29.1548 47.676 38.8973 47.2652 28.0179 42.3792 50.1199 33.2415 17.6918 31.0 24.0832 46.0977 28.1603 48.0104 18.0278 37.2156 43.1856 25.4951 12.0416 23.0217 37.2022 19.2094 49.0918 5.3852 46.0435 31.3847 39.3954 47.5079 25.9422 15.8114 22.1359 29.5296 30.0666 59.203 7.0711 15.8114 51.0 25.2389 40.4599 46.8188 40.3113 52.3546 34.5398 27.2947 37.1214 30.8707 15.6205 41.1096 0.0 30.8869 56.6127 50.2096 
72.0069 34.8281 54.1479 23.3238 24.0832 28.0179 20.0998 23.1948 36.4005 40.8044 43.4166 50.0 60.7454 47.0744 36.8917 33.5261 21.9317 21.6333 45.6946 21.3776 15.0 37.108 44.3847 13.0 30.2655 27.0185 23.0217 6.3246 57.2713 30.4795 69.2026 45.2548 51.3128 48.0208 19.2354 63.6003 39.0512 15.5242 45.0111 28.1603 18.0278 17.6918 42.2966 38.0132 58.5235 50.1597 42.1545 27.2029 51.2445 42.107 26.0 27.8029 25.4951 62.1691 47.8539 16.6433 27.2947 32.0 20.8806 60.4152 13.3417 29.0 27.2029 46.5188 42.9535 6.0828 46.0109 51.8652 48.3011 44.2832 49.0408 25.9422 6.3246 58.7282 29.1548 12.6491 30.8869 0.0 26.1725 22.4722 
98.0816 60.959 76.243 6.0828 18.0278 22.3607 21.095 46.9574 54.5894 58.3095 60.531 76.0592 71.5891 64.6297 13.0384 32.2025 27.0185 30.0167 61.0 45.6508 38.0789 60.8276 69.4622 38.4187 50.9608 3.6056 38.3275 24.1868 80.7775 41.0122 95.268 52.8867 77.0065 60.407 9.2195 89.6437 61.3514 36.2491 66.2193 28.4605 40.2492 8.6023 65.192 50.1597 75.0067 72.4224 67.2309 46.0977 68.0661 64.5136 20.6155 53.9073 35.0 87.4643 62.0725 10.2956 50.5371 54.0833 40.8044 85.9826 34.8855 3.1623 51.9711 71.8679 57.0088 31.4006 67.0522 62.9682 62.1289 58.0 72.8972 42.4264 20.6155 84.8646 54.8179 16.1555 56.6127 26.1725 0.0 11.4018 
91.9239 55.4437 66.8506 15.0 6.7082 11.4018 10.0499 39.2046 44.3847 47.8539 63.0714 70.0357 60.208 67.0298 15.6205 21.095 32.311 34.4819 50.0899 38.2884 36.8782 59.4811 62.0081 35.4683 41.6293 9.0 28.1603 18.0278 72.0069 45.607 89.0955 41.4849 73.4302 49.163 15.0 83.4386 52.3259 36.2215 56.648 17.088 39.6232 8.9443 56.356 39.0128 64.1249 63.1585 59.8164 36.4005 57.3149 55.4617 9.434 48.4149 39.5601 80.0 51.0 13.4164 49.4773 45.1774 31.7648 78.8733 34.3657 12.0 44.6878 64.6607 60.8276 26.0768 67.6018 51.6236 51.0098 61.9839 71.4703 32.28 19.105 80.0 51.4296 9.8489 50.2096 22.4722 11.4018 0.0 
